3.70823654571 5.37835995466 0
5.98658588215 6.01182034632 1
9.18281947952 4.53230934472 1
5.45007194553 7.20297596289 1
1.05776089993 6.88062593085 0
7.68082342987 0.612657460204 0
3.2418623061 1.13912642399 0
1.55238328793 7.41696590981 0
5.5466288572 0.32087468511 0
7.76487429148 2.80013866845 0
4.85036516551 6.27148421996 0
4.37141742293 2.61148254539 0
8.09872932577 2.57162118339 0
2.27189100685 8.63680168785 0
7.15148149078 3.97063997631 0
8.24798785038 5.57692128787 1
8.16040349168 6.35495917949 1
6.10457673525 2.21280355042 0
4.77594692953 8.42659052412 1
5.1392522948 7.35512843262 1
3.6500055843 4.01641746501 0
9.1224050522 6.34758652157 1
1.29443134351 9.09749481692 0
2.30223810973 9.82798893342 0
5.45832916477 4.16516899479 0
5.38495274426 3.72443963958 0
5.99350345019 0.68577147392 0
8.36256095986 1.24952359752 0
3.35463943781 2.63683180675 0
8.81321557269 2.70545321512 0
8.95233546957 8.69656105492 1
6.17946266749 9.83469088667 1
8.38501257872 9.86818316565 1
3.88959670072 4.92169263021 0
6.28596675869 5.1634565699 0
5.24575278392 6.46282294874 1
0.32560032946 1.23543591185 0
3.87485227862 0.0456107593057 0
4.07982051035 8.16689752414 0
0.612599518585 5.49782426959 0
5.79865342992 9.90904406824 1
9.57218072982 2.08585641196 0
1.88109873454 6.91071163622 0
5.81540620922 6.1214760719 1
9.54220868346 1.04905232803 0
9.15509012156 9.4160519668 1
7.61173606503 8.47080529906 1
0.423132320701 5.72854672488 0
0.12930512428 7.88716580617 0
0.43827734543 1.53010677614 0
9.90948822004 8.23641001312 1
8.8105194008 0.803684982746 0
4.67717406007 0.204025484108 0
0.552410076132 8.06018440201 0
0.366590943454 2.65104242922 0
0.526248113039 1.6771789644 0
3.83774048293 6.30746289737 0
1.86654750999 0.717072599267 0
1.38768069488 2.29779093857 0
1.61212837599 1.5955407235 0
4.21691485922 9.99267683396 1
2.22718703949 1.97600496701 0
8.04311943846 8.62767712775 1
2.76652269799 0.429792545053 0
9.86342072079 5.73264537918 1
5.37051893432 6.19273075429 1
8.87109334997 9.62513577846 1
7.16206918216 6.50808677215 1
9.4145434624 1.58930137491 0
5.18672547045 3.659259103 0
7.59060311082 7.54166703987 1
4.1403811303 4.43682048182 0
9.11337928659 2.89099973593 0
5.89482692015 7.77228605143 1
4.75334620338 9.77952138911 1
5.75246708361 1.66466272093 0
9.28830226948 6.65798389358 1
0.635629739519 6.62874693626 0
0.402784818091 8.40259344232 0
0.493000619385 6.04991006793 0
5.64270650819 4.1444253226 0
8.82171696588 9.34015154069 1
0.759538506766 5.70246766999 0
7.76849584057 0.333766920214 0
4.37015347568 9.20636718051 1
3.36366309148 0.98297109512 0
3.1353166776 8.92614400225 0
1.53172799884 6.68775149798 0
2.47815537429 8.82787245449 0
0.376239537103 9.13404852344 0
7.66146652365 7.9799631051 1
4.64920782739 0.537751062236 0
2.7742613264 5.85788295893 0
6.30371580524 5.16468990383 0
3.45003790867 5.57521314461 0
1.84128463882 6.12979963413 0
2.93747361601 9.24639478482 0
9.45408341459 1.33712320512 0
4.1646586691 2.61115961133 0
7.37317419488 4.27130488927 0
2.34951479833 9.60415682244 0
8.23666288577 5.8435275549 1
8.77460136662 0.104370214095 0
7.4456926878 4.94150537353 1
8.82455757929 4.52705520107 1
6.51615157669 5.120262546 1
7.4435130867 3.54485682211 0
1.98286964524 8.83134622527 0
3.86309397256 9.30160034583 0
8.97953132074 5.54335502794 1
4.10997455524 9.82714568405 1
8.19092643121 8.71231940999 1
7.81674954607 1.34835087066 0
6.94804829932 5.83666683531 1
6.63491348439 6.13175717278 1
6.24202736856 2.87369806164 0
2.51713221688 3.32512728599 0
6.1546633902 4.52626181769 0
2.21304161636 1.65990455242 0
5.74243056944 9.43339478651 1
0.933007857639 3.5017763625 0
5.65995897721 5.7133065408 0
4.25941754078 8.56806698443 1
3.89334732688 0.953601625042 0
1.73078489357 4.35073436226 0
5.8112732716 0.431622684389 0
9.29110580739 0.242952333903 0
6.32614097295 8.62207667567 1
1.06989689314 7.53096398468 0
1.2337346564 8.77243192514 0
9.31067239335 9.96785854488 1
8.95852202953 2.79939541132 0
5.63543785167 0.653585784613 0
5.71045306032 9.52685956503 1
1.16777476807 2.30844367582 0
6.53002727848 2.82876397082 0
7.0710314743 9.28412555612 1
4.91178976151 9.02546900713 1
2.04021216783 3.15565163883 0
9.41082691622 3.27387149898 0
9.69836415036 5.25226069681 1
8.09002045671 3.36455589244 0
0.38242658197 2.8183990951 0
9.46274996794 4.1832841795 1
1.23547485611 4.32081646501 0
9.77937308183 0.0938779080923 0
6.93683822039 4.49684317888 0
1.91929175077 1.63821663991 0
4.06229423894 0.484203782797 0
1.95463364536 3.65220641893 0
4.4522653468 3.0374247933 0
1.8390608819 6.42612816887 0
4.7414688283 6.57872214171 0
6.65627247718 7.07310045989 1
1.6850979383 9.77807653659 0
7.63204760805 0.802360414869 0
8.30752262951 4.1904873328 0
9.90933273398 9.18546787308 1
7.90283816081 6.26231220686 1
3.34324788851 0.190751689363 0
2.20087833136 6.6711687658 0
2.94345029787 1.98550225598 0
4.1269050632 8.70518138571 0
5.595969305 6.85600377444 1
3.19825797828 3.18372993593 0
7.35379311802 8.6480506801 1
6.98854536422 1.11293998605 0
9.2100704231 1.44637567161 0
1.20904140593 4.54273997379 0
5.90260062808 1.87033971022 0
6.36859821993 3.4147349373 0
8.64461833684 5.82657104821 1
5.6591800685 1.99531628386 0
7.41336334974 0.45159270984 0
5.57753322251 6.97484863729 1
8.61734537163 2.91053740842 0
8.7951656477 7.10523855998 1
3.07157047981 7.45647966396 0
5.77933433293 8.14963483995 1
8.42101364777 1.81337863704 0
6.9502285625 6.04083544681 1
3.14299183464 0.52607182782 0
8.75889326831 5.41710326311 1
5.18068961149 1.16846353148 0
6.56140144027 0.836825648499 0
3.39271061738 2.22839512898 0
6.15905965243 1.6322638894 0
7.55882662941 7.3392353287 1
5.36600087948 4.32826443535 0
4.21013152363 6.42905806458 0
2.73019386296 7.96697181415 0
6.05317836685 2.0213910533 0
5.8949307022 0.917804557017 0
5.98386745889 5.95318980487 1
9.34571973919 5.66056963572 1
0.524719977259 5.22370671732 0
5.16649630107 0.337725235882 0
1.56012551921 7.68376512781 0
5.34162620628 0.582220870274 0
5.91900931212 3.43547319325 0
1.37272880287 2.87867989254 0
2.16759925104 6.86188100112 0
8.78576746233 7.79473079662 1
9.85873210875 1.03370883476 0
7.74867985456 6.29306722469 1
7.69434845428 7.19156005921 1
3.38378005313 4.26995919435 0
7.83541458198 7.98062451403 1
6.79931634642 1.94922217627 0
2.41114642636 5.81261749208 0
2.36831932071 1.78847310885 0
8.44741552928 1.77819161627 0
2.66997309531 7.93537517677 0
5.48481326458 6.42838242405 1
5.76622511879 6.94316173752 1
9.63297700444 3.57629540083 0
8.85748375921 4.8665600523 1
4.72949117234 1.85156267949 0
9.63864413792 6.87089709519 1
0.718696318674 9.51923594041 0
6.21548177118 7.92900076027 1
7.20798991034 4.42252684215 0
7.18688691899 1.3388541073 0
2.35974951945 2.42211705124 0
6.8116003386 6.49273123605 1
3.18924217558 3.36566319409 0
7.41681240689 3.31865233997 0
9.753485797 5.35873193585 1
8.95771321506 0.000682645825862 0
4.88121577415 1.15862974855 0
5.77416166285 5.15622555158 0
3.9285936664 0.942278942323 0
5.55313520604 8.84675074515 1
7.22973639808 7.34877194059 1
6.78508680531 4.83689292028 0
5.7101412107 8.76955979054 1
2.60230561086 3.20282784889 0
0.677510917611 7.96135368629 0
9.26855869452 6.19733322604 1
1.19096725038 3.52579437604 0
6.33119733629 3.07721374703 0
4.2782594417 0.590967742309 0
6.30212801048 1.43792556514 0
4.15324577321 7.14350804761 0
0.938639510168 7.13124859545 0
5.57660765763 0.392300417116 0
5.38624142578 7.58863497788 1
2.95616621761 7.97575253136 0
9.86108099071 2.09813090595 0
4.11482919606 1.82164491716 0
5.53777200151 8.12728800904 1
8.61461995826 7.3244617375 1
4.1845344455 4.96575131693 0
9.69941436122 5.3174792223 1
2.09911155369 8.09527429134 0
1.89034004405 4.30697272003 0
7.60543185387 5.58714475755 1
9.36861486354 3.16787218855 0
5.94637924961 6.81248550553 1
0.541479721029 7.71407570544 0
9.90001863567 2.03719342754 0
2.95365505676 7.84288630894 0
9.58143095359 2.64894200867 0
5.84136575909 8.82605938003 1
5.20292158185 7.22945015419 1
9.33627913368 2.68895558372 0
3.63572333963 5.32599058625 0
5.17743345457 8.93752197344 1
7.64140926098 2.0491934074 0
1.66969921602 9.81059974002 0
2.8547365222 9.20063826 0
8.13263191259 6.91425097755 1
1.28529151133 3.03381702351 0
3.9417754498 4.55047348089 0
7.91204473967 6.36159706326 1
9.97055435815 4.07294549997 1
4.33950203684 4.97954252188 0
2.6906418806 2.55375485689 0
4.72771957258 8.26299526552 1
4.81964554494 0.0922835198202 0
0.782608232247 4.92615815951 0
9.44725147224 6.79626569376 1
8.17581889374 1.20879223994 0
0.975538654611 4.51999654471 0
1.36011609541 3.48533637091 0
7.80925542653 4.49090353983 1
6.69824747054 6.53470025113 1
7.71806596686 9.71013423683 1
8.16258953054 5.49670330711 1
3.63614129579 8.30400160517 0
1.44042638888 6.32537020244 0
7.98437921398 0.809613700509 0
2.89197820579 3.17197227387 0
2.98397137182 8.76740907549 0
6.63156156949 3.59872495086 0
2.16285283284 8.24963347407 0
5.06534482273 7.44271342731 1
9.4220430802 0.11741482177 0
6.54543971862 1.446800791 0
9.03295611704 1.89383481269 0
8.34883308353 4.13189025518 0
9.7388937597 0.879839812561 0
7.1350258617 5.77077063426 1
3.94866139168 2.48703908407 0
6.06380268686 1.86875986379 0
4.14139536629 6.19277652841 0
7.8467454269 5.81362385164 1
2.71908154887 8.37114835877 0
9.39199774734 2.74443041241 0
4.03749499247 4.66611519753 0
3.99646576548 5.37564794836 0
4.57157856579 0.904054975887 0
7.49205141232 1.97006842237 0
0.170357242016 5.79526702345 0
2.56158209517 1.98035699074 0
3.27289466902 3.02026746185 0
8.21734835743 9.86400342565 1
5.1228991601 2.90651470706 0
2.25731842224 3.74942688586 0
5.40077115763 5.82908952041 0
1.53658157862 2.36757662264 0
3.35374279744 4.92539225335 0
7.10257781648 7.74176645508 1
0.561302666994 6.3423991982 0
3.47227162719 4.62598221473 0
0.180526504908 2.07687897722 0
3.66543648791 5.22217855687 0
8.856265565 9.35693444123 1
9.38226402442 3.64290911819 0
7.96197587932 5.96291501693 1
9.76924062569 3.98140713125 0
9.43015857505 7.27752091134 1
4.83312488623 2.00477292071 0
9.73917979671 5.29758868054 1
0.440180117996 4.9834094047 0
9.37707945694 8.20768135767 1
6.97105898296 4.48516485297 0
0.332421618958 7.5220606042 0
9.37141555119 3.76074823788 0
8.15040342164 3.73009034495 0
4.54477563486 3.26561437686 0
3.17638912275 9.93576066452 0
5.57922288794 2.99670713777 0
6.61921299463 4.00236326225 0
6.14590435976 4.6588517897 0
5.12055832049 4.36886063603 0
8.52600332044 9.14355804396 1
4.7099189775 4.87552577739 0
2.23426798481 6.82787450899 0
6.8580727877 8.33106349021 1
7.87213265536 9.80639267509 1
7.03089279643 8.39266894789 1
3.7254516115 0.891970717904 0
9.8219490262 3.60335254379 0
2.5454419647 2.5181777751 0
3.38177022387 4.47431751357 0
9.66448875348 9.89448136767 1
0.88116914297 0.224148839872 0
8.29197451665 3.95430352659 0
0.434850485531 5.6629338991 0
0.704360698666 0.537920751668 0
0.119312948402 0.484584349175 0
3.9527628161 8.89937787527 0
8.07235469287 6.35422635558 1
7.66138783001 1.39109833029 0
2.90636621094 9.00026858416 0
4.91667186902 1.61233189722 0
3.01731050217 2.64312665472 0
3.05212563058 5.21267755723 0
2.02941365101 3.05592014725 0
1.57142568 6.19653740926 0
8.75623760932 4.53486562116 1
6.65902753649 4.98638084094 0
7.80895733897 0.870888344358 0
8.26736694497 2.47409242994 0
2.14704991156 9.73726554971 0
9.97102777295 4.98959603285 1
9.97670274518 0.64149749674 0
8.1978472665 9.40151083462 1
7.54473269471 4.47243253268 0
9.61281108183 5.38424890204 1
7.88017271972 1.56840801537 0
9.96242122528 3.62037982614 0
5.8940724157 7.06347931756 1
0.0872623261977 5.78385532918 0
0.94551772209 6.3404169834 0
7.043396918 8.56929235277 1
7.40698969293 1.00863339887 0
3.28832070532 7.44136776284 0
8.26184179261 8.31678153475 1
2.2208239327 6.99439468833 0
4.37446502532 4.78650888941 0
5.81884643425 3.03577758281 0
2.89427481269 7.23479634424 0
6.24784213417 8.60404368023 1
5.10368745155 4.71732866106 0
2.4126207974 3.25702822695 0
7.63438752775 8.63433559006 1
2.87346396404 2.49261571465 0
2.89057336514 4.42187085697 0
6.24142960338 2.99530452224 0
1.47919558721 9.63764231217 0
0.1142522893 2.41372029288 0
2.16754382162 2.12809358327 0
9.75364038166 5.39058160489 1
3.96842110741 8.83238006436 0
0.848331673117 9.55188353468 0
1.25265626324 2.20945453026 0
7.53028595277 5.05981817022 1
9.93033192259 3.02843724418 0
5.57808524606 3.91647500791 0
1.50255789948 2.10520098862 0
4.48603162922 0.174672818034 0
4.06947109436 7.65212582613 0
5.85214991789 1.60753802167 0
5.40145955861 4.58767703165 0
4.30504896476 0.787272469538 0
6.29252031543 3.96834925353 0
6.40778504338 5.51521531421 1
1.61065821782 1.2844994496 0
3.60121758894 6.99366147987 0
4.52166020923 2.65381824118 0
8.0584723547 8.7691580524 1
0.13977439688 1.0390616307 0
6.1678148183 8.91500214288 1
1.69399652846 8.61725344682 0
6.80080067116 3.43238878593 0
5.18013030674 5.66251902743 0
9.02793033566 0.546679068013 0
7.87329179412 3.05042695817 0
6.9545277039 1.00981321674 0
5.7478148165 3.62383660628 0
7.43638737395 9.86064458672 1
5.29200208169 1.86505711218 0
8.00098248232 9.72902757676 1
9.81286754121 7.22916928243 1
2.84583099154 8.7350469904 0
9.18582666012 1.19875199647 0
2.99260564308 5.74352873713 0
3.09352722425 1.47979120044 0
7.05435307199 1.25779325853 0
6.74661555708 6.36070970156 1
6.52001183541 7.43875569162 1
8.68855198844 7.06693891403 1
7.51121513514 3.92629549721 0
3.42793396712 5.98464344694 0
7.6683696023 4.42379998574 0
5.92238878502 2.7490938438 0
0.276531931205 2.51250302046 0
1.59659315371 2.38541104329 0
5.98280514561 9.83712768773 1
3.8469091253 3.38087133937 0
5.28904788206 0.471336026539 0
5.97459364836 4.81543784064 0
0.193099355037 0.103771976378 0
6.27376097236 7.77496968714 1
4.74671080659 1.30720116798 0
6.941160077 4.51640420481 0
2.64540155105 7.67579690187 0
5.61106519867 8.4893691316 1
5.0311145869 2.21741090146 0
9.0863059452 7.73842558519 1
7.42721276983 9.93779682065 1
2.80090625915 1.51481949215 0
8.61682455256 5.89559495482 1
9.86807064662 2.99995880567 0
6.45680714785 6.30374383416 1
5.36549330985 6.70660376101 1
3.71059897229 1.30443410175 0
7.88690673538 6.15141890511 1
5.55661684898 8.31095304422 1
2.0251453083 7.0930452818 0
6.52070933247 3.96908289066 0
5.84684030502 2.50347991297 0
8.15829961766 5.36585524608 1
8.45120704166 7.18237991284 1
2.87814416994 4.19234781756 0
2.98268138199 7.44848400222 0
6.1719830238 8.91190226372 1
7.01061483554 1.05889668565 0
4.77878629441 3.77187878969 0
6.49334673014 1.12185819682 0
4.72356664225 5.6720775082 0
5.18252052027 1.33437688896 0
7.61955433607 8.75971403674 1
4.2691422909 7.73008965883 0
9.15910539544 4.86737158815 1
2.02738384276 6.87048605426 0
6.90272057862 2.41437508444 0
4.17882941676 3.41691232576 0
5.1953808734 8.17141574605 1
2.22721685942 2.83554502489 0
2.08703833729 8.75058265869 0
3.71138600438 8.39593673476 0
5.747924668 2.28501601382 0
3.81127823411 1.77134975346 0
0.0576433794943 7.78063166899 0
0.50618613357 0.466216875919 0
3.50484936457 4.80307338549 0
2.46905728047 3.32116596618 0
6.38612087625 9.31789562183 1
2.05829433582 5.92423010958 0
9.22182335664 7.60494690392 1
9.11724510156 8.09823767652 1
3.45957663823 9.96489090845 0
3.18633147617 6.51580462177 0
7.83049695254 7.47484735225 1
6.50144880373 6.55785938976 1
1.5477922863 0.872527513565 0
9.73347193893 1.2779178465 0
0.899532522286 5.29782708052 0
2.79128455308 6.44271798639 0
5.16945960244 3.88565519707 0
8.06599652273 4.01098669125 0
8.76358114029 8.95594427688 1
8.72206315179 3.0456036486 0
5.01707720533 1.84734377877 0
8.36063014867 7.56527716914 1
9.46671574411 9.8009157176 1
7.23248821231 6.84431087196 1
2.73381183541 8.86813805295 0
2.25323983392 4.56840686126 0
5.5777579752 9.9934817468 1
1.59498160133 2.13284731957 0
0.0296086612429 5.16441531868 0
3.98292059298 0.135737015081 0
4.2174311317 9.50782157115 1
6.00552436037 7.55033769476 1
1.1512227656 2.36178083368 0
0.0949207385146 6.52214943667 0
3.56109555501 4.95159804484 0
0.0557206940909 0.92877160022 0
3.09855774097 7.88695404605 0
4.22008933212 1.60275753694 0
5.1704242808 6.38163137003 0
1.06749533062 0.453995795261 0
8.40925351252 7.62976862517 1
8.11506535996 0.326027140611 0
1.73900365851 0.0372034920528 0
4.39453173268 3.52059840721 0
7.23261849144 6.65010457779 1
4.1363316347 1.4925369115 0
6.14526946039 5.37977571769 0
9.08690334072 5.01140087975 1
9.39301882014 8.60891104936 1
1.38847509364 8.13261685544 0
8.20425198314 9.60774730436 1
5.2231487809 7.21625287952 1
9.87636079217 4.00953431073 1
0.0440998491038 5.22458758722 0
7.63296871604 9.29740759751 1
9.29015587559 6.14322166321 1
9.1005545815 7.94995557906 1
8.59317071802 5.94544701545 1
9.85276815477 3.67237359457 0
8.93129363879 5.26429503643 1
8.45095339802 7.77819055876 1
7.59935344937 1.33470459424 0
2.12134008065 5.60394881053 0
9.15971548112 5.30168291712 1
7.20064539029 6.79982774671 1
5.80499116992 2.95074885417 0
4.64265511707 8.00226496114 1
7.21288621108 4.83199351804 1
0.436035796931 1.35255181885 0
9.72571108612 4.41696639458 1
6.79135922057 8.25617164859 1
1.40681234794 1.87195209482 0
4.71647412246 7.31772668952 1
8.85397696975 0.557100776112 0
7.66188804867 5.87302846609 1
7.61659895528 3.51002774591 0
6.35145796512 5.63354306179 1
3.14180228829 9.6188751411 0
8.15832832005 6.04976553983 1
7.46578783219 7.52324633138 1
9.32982685483 7.05627004514 1
5.65157106483 0.0640576762689 0
6.66332415105 3.18590955687 0
8.3118870383 1.86512756733 0
3.63822644918 7.17624186766 0
7.7563534321 6.93562651198 1
6.43525031378 8.78286840947 1
2.06334897905 1.85606187521 0
9.75451487088 7.95355424926 1
2.46501601208 6.9990543165 0
5.7533505563 1.92279759589 0
0.00096411926059 8.10503050877 0
2.1092818062 5.06969886808 0
7.99975806085 8.40960095736 1
8.93643840499 9.0371291219 1
5.32789067804 5.88681028923 0
9.87546246913 0.946329663294 0
0.977716599556 4.98029094347 0
8.44565587259 6.18393469036 1
1.1498899956 1.62063114016 0
2.06967405343 9.52674940752 0
4.83005719006 1.0164335014 0
5.69913232759 5.9675807608 1
8.33357599046 0.893700330638 0
1.24967553506 0.428975952981 0
5.668896139 4.69012434055 0
0.274841976901 5.43843911989 0
2.54786733011 4.33439298726 0
5.52753588137 7.97528529339 1
8.59954629925 9.25999833173 1
3.94536862445 8.04074431996 0
9.00560549991 1.5285362007 0
2.812334246 0.792403452475 0
7.04686421191 1.18917269107 0
0.954086892307 7.17654145122 0
3.0641131772 2.80335651249 0
3.3396278831 6.45887745768 0
9.73432585856 0.718868949845 0
1.34538768615 2.22623075498 0
8.79235189969 5.29030743064 1
7.35997434447 0.021962302746 0
9.73917348061 3.39378053231 0
4.18324960538 1.94329483748 0
0.273945977958 8.37180000718 0
6.65436829104 2.26594631929 0
8.89964595411 1.14723983574 0
7.43330416172 5.42458887493 1
0.195093655423 7.15152399634 0
1.70255934788 3.99226114339 0
1.14599440881 6.86092062219 0
9.63472988669 5.6193266406 1
0.261158858386 1.07013472446 0
5.37290186916 1.20152576453 0
0.359136076095 1.21272055455 0
7.56105851047 0.625666555772 0
2.88563769205 6.62861635469 0
9.46381890614 4.59868010534 1
6.51782952244 7.2046151909 1
8.56261478602 2.45357272378 0
2.96718532406 9.79500317109 0
8.86205997815 4.79344752593 1
5.29437602578 8.0798484591 1
9.82609853864 5.95162139509 1
4.15011878293 6.76934222624 0
9.498584776 1.27548853694 0
2.99113924 7.3685024939 0
1.79741192276 1.1722216924 0
7.59963312958 7.43012274062 1
7.73653817559 5.07658564055 1
4.17463298433 0.229696937586 0
2.26808008787 4.27005511875 0
1.51782446675 6.07865417542 0
1.41192642673 4.1883114527 0
2.54462017321 8.50335388103 0
9.82908638515 8.2279889572 1
9.64049476699 6.02968526185 1
9.00166852011 1.74304278496 0
9.51258394023 6.02188306589 1
6.23798331398 0.656338395691 0
2.12132493777 5.42798100851 0
2.66082868578 4.47286460847 0
6.94318064873 4.9432327033 1
2.42556653152 5.74688602712 0
0.47295467698 7.23254325415 0
4.27638794587 0.330062980999 0
8.53438409556 8.62572517153 1
9.0456496903 3.85988311111 0
6.88340827536 6.66430329122 1
5.46590234719 1.92815678834 0
5.76645190535 2.29865287136 0
2.3259258931 9.6903713779 0
9.01182233237 0.313666402634 0
1.75770958652 4.31018426274 0
2.53610153753 2.35597048182 0
7.59453658057 1.53831800362 0
6.46160792906 7.91955135637 1
1.67726604252 4.21684595988 0
5.6439158181 7.53209923186 1
2.08760243179 8.66435764919 0
4.61488373894 1.09026383083 0
8.0393774732 6.17799373079 1
3.85248742524 7.2398556425 0
9.14689395005 1.62480188201 0
4.93678156639 0.385319532094 0
1.48241056156 2.32487529715 0
2.86237509593 6.33087494434 0
5.32052531745 7.38824539475 1
6.70171010933 5.1102465516 1
1.50618108641 2.39492934908 0
9.52158982132 9.16022608094 1
7.14884647752 6.87154474305 1
5.76710351654 0.520185538446 0
8.35415571227 0.932192610024 0
7.01459216862 1.86329204308 0
9.33766921965 3.17010395036 0
6.15834803271 8.11056179289 1
7.31251215122 4.09659252556 0
2.06527549891 1.3154662572 0
1.06059477396 6.8411276763 0
6.65611908638 5.25314243142 1
0.944259750945 9.75289291304 0
2.39735484386 2.03065926792 0
8.669830049 6.07095671511 1
1.65896838442 1.20380637856 0
6.6007450766 7.80297356774 1
2.74905729127 6.2508578683 0
5.65785361498 6.71806023933 1
3.18300290386 6.68446851202 0
3.1066549408 2.93996660024 0
9.39509820441 9.38940679339 1
4.37671741521 9.06075235595 1
1.34248129557 6.43496965263 0
6.49849638249 4.12175767182 0
7.91792204878 4.20043616475 0
0.312279538104 3.39327147287 0
2.28387605939 5.36017997791 0
6.17761883043 5.37848721015 1
9.25923691002 2.65285090972 0
2.05556993241 7.45108180286 0
9.76747558359 3.91856310574 0
2.9810477625 7.20109817909 0
1.17410566129 3.7879205384 0
3.55827166324 9.29548650928 0
9.79762547457 1.16540182166 0
3.85458372706 4.8935345732 0
4.69020101982 0.832603488545 0
5.28605349924 2.15129711255 0
1.21722170829 1.50990885352 0
2.75755511258 8.88449223227 0
7.46061121638 1.65167996413 0
7.56998216083 6.84908240627 1
5.88694569264 8.14562417886 1
0.364165719404 4.34026045002 0
8.61827441082 2.93276440728 0
6.39185188133 1.04548834179 0
6.15833493071 3.39400263054 0
1.60940961044 1.3159597753 0
2.05025916125 1.12723498808 0
1.21916813602 6.88743028018 0
6.84521360667 5.43174194018 1
0.106006399898 4.3143778994 0
0.131203381544 7.06309454358 0
0.751917170263 0.127762772925 0
8.6790849151 1.78342239264 0
1.00544891003 4.02952055656 0
3.89022172233 1.36413254714 0
3.44340238047 0.167781903202 0
2.17536734578 3.56443100431 0
9.05713709837 3.12468123513 0
4.14567888157 8.74004681657 1
0.452712375309 1.21406222025 0
1.20151600542 1.62414706424 0
1.63330030773 9.97709162193 0
2.88595256305 4.00692858808 0
8.47546578335 3.08036339669 0
0.129788612182 8.98510657645 0
7.42391417277 8.95502878342 1
0.235452259877 1.49695509172 0
3.8132797972 7.49986184161 0
3.42497992361 9.31217126052 0
0.554515405689 6.46525814298 0
0.923886919179 7.47968939912 0
6.3631113258 4.63447286126 0
9.80730509152 5.13410908458 1
9.17285486931 9.95393384265 1
6.07433831894 0.0897652491724 0
8.0911287096 3.20757587777 0
8.85550656074 3.02690485227 0
3.78458832691 2.24472084074 0
7.65886856378 2.67908207147 0
2.89825226126 8.83758867326 0
3.58892685644 1.26725607896 0
5.19384720884 8.43891472686 1
0.653040729383 9.45203718125 0
7.59424304914 0.0531470719936 0
3.15678676685 8.34968056262 0
2.31821972341 9.70384893203 0
6.30238782898 5.00438613095 0
4.72660612518 0.773245240239 0
4.33228278664 6.04512491776 0
4.63708877962 8.46589368786 1
3.59702098483 4.51205067767 0
8.73885595153 2.53795502066 0
7.98870603466 9.7670641458 1
7.78648167474 9.97605140505 1
5.04203041033 7.5245413946 1
5.92914138616 4.39794802709 0
1.77298725751 7.36977225438 0
5.92744094273 1.65325358566 0
4.65984586729 5.62436919125 0
0.088562620613 5.84813385151 0
7.1592036638 6.24572057289 1
7.91279902497 9.48378920887 1
6.53561884508 7.88684262562 1
0.0608433537289 9.83817714314 0
0.956540389567 7.55495042341 0
0.381295439204 3.62142275197 0
3.16995817003 5.22099289958 0
8.758626665 2.3099979756 0
5.19621326281 9.67040843811 1
9.89546010819 0.509180124769 0
3.18219446352 7.01992478925 0
0.801214931918 9.05580372872 0
5.70899304402 7.18151292038 1
8.27701458641 9.97231459161 1
4.48971322335 4.09258436461 0
5.53952231404 4.98504370967 0
7.54023489228 7.31276178296 1
6.27407730273 8.88114807054 1
0.430523016869 2.11037721013 0
2.85396151921 8.22353302517 0
8.4865199314 1.40428354861 0
0.00860330058589 3.25166804153 0
4.17690799617 9.48229258019 1
1.63423985089 6.03033375874 0
6.28866741475 1.23621442619 0
6.93407648453 5.47527855256 1
8.79621692019 7.30078243741 1
6.39300620674 0.548173044044 0
1.93546840095 2.29656577434 0
3.23065774041 7.83228447596 0
4.25962377532 3.55017208675 0
8.67925708518 5.88810615674 1
5.36046626951 9.17146289885 1
5.66387360219 7.39650032429 1
9.15372522935 9.3479985531 1
0.204644971012 7.60388476753 0
5.6744002951 4.26799502182 0
4.45048333332 1.73111900721 0
4.51947643597 7.23002959145 0
9.64653215525 6.39597546927 1
8.53461277075 1.43388067569 0
4.04655051267 0.799307162891 0
2.34890050479 5.95251738196 0
9.33335662434 9.85204222051 1
4.9547804708 4.53672497031 0
9.21401157219 2.45666356326 0
0.366386412442 5.82597013566 0
1.01849320485 2.03031212594 0
3.50031260109 7.10425681092 0
8.71294061533 2.93353555773 0
4.86707989213 8.81006177812 1
0.265465798144 4.85790463332 0
5.39706115805 3.44573261044 0
4.21982845892 7.30047304081 0
4.00775375012 2.10107815024 0
2.1769287648 0.314196418532 0
8.79413392538 4.73895275393 1
1.92288357862 0.918587443367 0
6.24739044367 9.91087413509 1
9.51703287143 2.75217506575 0
6.72837539361 7.91784877217 1
9.78129740583 3.9898754145 0
2.5485044513 2.37088762699 0
8.14990515469 4.7061283027 1
4.00247973292 5.33603783733 0
9.73209318406 8.52373409747 1
5.68957019968 8.96725856369 1
3.93556716816 8.56212078254 0
8.64718911462 6.14231290248 1
7.04257239608 7.43429649697 1
9.3599064426 3.28043169686 0
5.5185087199 6.87953510169 1
8.02257834431 8.04336149001 1
5.17077870155 9.58789225811 1
4.32509675225 3.51107906259 0
8.72864308914 2.74952248442 0
8.76795881075 8.06694957706 1
5.82583743622 7.62525833956 1
7.92725802695 6.94854861019 1
1.49181850881 4.80515867049 0
5.88860688486 2.98978937441 0
6.92455619636 9.41471388205 1
2.2654349905 6.99214903583 0
4.62555215552 5.95706236279 0
5.320876854 8.59593895316 1
7.71336004214 2.80310832885 0
8.59679102311 2.23862511008 0
1.1803478711 3.36646121984 0
3.11271359228 4.87538197784 0
5.34607813413 3.73524864565 0
3.17238453208 6.92291095954 0
3.66599110636 5.09019772649 0
9.38228617393 3.68763343653 0
1.82597703067 6.20473539478 0
2.81372284546 2.47633845575 0
4.74261678154 6.3118330605 0
9.28357234022 1.20749218893 0
6.18749506196 5.82975472826 1
0.0335415336357 8.03104652522 0
3.87091320695 5.25012089916 0
8.29467537746 3.16973921548 0
2.21307871965 5.93188386249 0
0.523879763437 7.4848434284 0
1.73174318777 4.35967041194 0
7.68497805115 1.78669636257 0
9.96438302436 6.83739169758 1
6.51434420996 3.01095317764 0
3.44187428835 8.20456169695 0
3.85198460161 1.06048632711 0
2.66006454536 8.58271388563 0
0.623991179954 3.79686387782 0
9.45272666042 5.46641255481 1
0.255072038925 4.0081707051 0
3.20790463599 9.93141757725 0
1.94230456343 1.73524700526 0
7.56314945453 8.02638151564 1
7.55622978941 5.68610160691 1
4.67780098312 3.06144265683 0
8.73672305806 4.22062915536 1
7.73944160811 9.15968855961 1
5.75678060156 6.01953679413 1
6.7282966687 5.86703202494 1
8.6119314252 3.96680929705 0
3.90509468373 8.07187861141 0
5.10634800954 0.0882640181607 0
0.921929907423 8.45155587794 0
6.49609971151 7.96870613158 1
1.06543567762 4.39090349919 0
1.78692321316 5.58186092787 0
6.63928381047 5.16625947413 1
3.96776029802 3.20356901249 0
7.08835978261 3.03512148433 0
1.40023042076 3.26619833834 0
3.14019652982 4.61565019199 0
8.80781946274 7.67832810652 1
6.16036460058 8.24590471476 1
8.55151620821 9.40124308534 1
0.0796358072544 8.75721911035 0
2.34484347878 1.380085392 0
8.62303892301 4.04231487265 0
5.60685544802 6.98131298822 1
3.48678228731 8.36244141203 0
4.87400221364 4.74059847279 0
4.99937115125 1.19256654572 0
9.93343414237 6.09938847219 1
3.95086798576 3.0053358079 0
9.61414322937 8.02989201598 1
8.96024195216 1.49572112884 0
0.299779590196 8.20410351377 0
6.14844058583 5.83625559707 1
3.23735287932 2.48243855325 0
6.07842625421 5.38189329716 0
6.03481144983 5.47511807751 0
1.1544150834 8.0493337945 0
4.80216258583 4.31284907931 0
4.58894379345 3.88524068105 0
5.34999266495 3.49981714252 0
3.72777245861 3.92452178668 0
1.38487088042 1.47762084078 0
5.13758861849 4.38267717795 0
4.39751709419 4.82113692903 0
1.58947045504 2.66181858305 0
6.23695127359 2.69272232281 0
7.09116907509 1.67174784486 0
5.01868900657 0.837959716811 0
3.0430350541 3.64337690866 0
0.454405608071 6.16643579528 0
6.53762530362 5.73047281097 1
2.06415772082 0.424986544696 0
3.04300930774 8.81626912364 0
9.49246529061 8.8295669799 1
3.0783197468 4.00102250002 0
0.555816409469 8.69851091303 0
3.34550058308 5.1536317137 0
4.03018791572 1.499246277 0
1.76208032032 3.01693615268 0
4.13441646359 8.44855816583 0
5.27686206115 2.07065636908 0
0.914719413877 8.95967784952 0
4.45801644648 6.08465690829 0
1.78127588693 2.72700908131 0
5.93858790714 9.13162731577 1
2.73227897342 5.80019874288 0
7.13589895599 4.57149960307 0
0.265602598909 4.02992585807 0
2.47174024196 3.58465041969 0
0.643139891623 8.96706646773 0
3.17529567164 1.95655574182 0
1.85377406863 1.59667139751 0
8.68171358681 0.864236750825 0
8.34186630264 6.53597755837 1
5.01187916072 7.55851348531 1
8.34644261573 5.90006569079 1
2.62936237732 5.64224112271 0
5.78702053627 8.30309433665 1
4.13742299651 0.474847527778 0
0.834112837571 7.55839621648 0
7.78954645805 7.63791729411 1
9.56514142223 7.93370723007 1
7.95360378961 5.27820016609 1
3.71216094404 2.33800930391 0
9.32062072969 3.41038044507 0
1.1465091912 8.65448426393 0
1.76304980401 4.93991050448 0
1.45962687492 7.48262016107 0
5.9211142453 5.76300713999 1
2.54929181156 1.06229413887 0
4.87511475154 8.96155146648 1
2.0058119293 3.77026646621 0
2.46574877431 5.07904020654 0
9.52294207349 4.92603645871 1
6.71656666971 1.14869493799 0
9.7153602831 1.10902025149 0
1.34384385616 8.77941287441 0
0.0678577714806 5.68887692521 0
4.55915820853 6.63092875217 0
1.62551938961 8.3004154666 0
9.45734590156 0.137791836735 0
1.66046491097 2.81587030291 0
8.97657228934 1.79922129845 0
3.84344587349 2.99242501461 0
7.36053730868 5.49670793802 1
4.08673599113 3.4592114958 0
8.47103232982 8.26931232943 1
6.39520129565 2.63364796376 0
7.70669606327 2.92869181695 0
3.12352112126 7.19904628966 0
9.38286495156 1.00778397761 0
8.88296492177 0.411570359292 0
0.651552295156 2.02733230282 0
9.35317852681 3.97326577083 0
9.87467029175 4.6542526005 1
5.04470349508 5.56652150242 0
5.30219296726 7.64515076315 1
9.22016529263 2.28913131182 0
2.8337182255 1.43897882594 0
5.97557663938 3.55484768898 0
1.46753555532 4.30459517317 0
6.33829646821 8.99518884901 1
7.07864181035 8.9983107069 1
4.93765137589 4.69407926193 0
5.52307610536 2.61369873581 0
5.08018124196 7.26957577817 1
8.58039209241 6.04966058938 1
5.53664605092 4.44010308506 0
5.12531722077 0.923683309211 0
0.825187379229 8.41023717546 0
2.81776463648 8.33784420748 0
4.11412580488 5.63209163787 0
4.84267600208 6.86967362313 0
8.10789943328 7.98240428323 1
5.48436417045 1.03654523641 0
4.96678797769 5.38891042411 0
7.94190228759 6.49707033012 1
2.90112634556 0.18093971006 0
1.84770444723 8.86043445987 0
3.80459302516 4.71365848252 0
6.45656416757 4.00490759216 0
1.69533663438 5.20182510346 0
8.50893098498 1.22549362299 0
9.33455323443 7.45936269163 1
5.86407103248 7.23440308586 1
8.96820221116 1.27254171162 0
9.18390587018 3.47534926284 0
7.65708538266 1.4760419082 0
9.84206941897 3.605108102 0
4.50389274306 5.47089460889 0
0.522158628415 1.90990339444 0
9.56339941776 9.27216201756 1
4.13240644014 3.31517016388 0
9.77996775208 8.60473856914 1
3.61846236403 8.05397368993 0
2.09074233397 5.3908937484 0
1.93457944542 0.755399565141 0
4.32062714067 1.90077221348 0
2.9580177349 7.399644705 0
2.31024820842 0.720726794862 0
2.27493345758 5.34856833795 0
5.88047042438 1.82052481945 0
4.55756887535 5.5721272949 0
1.24549418534 6.29179984252 0
3.55803415474 9.883070815 0
1.16081864314 8.82515064629 0
2.69083329913 7.32175748101 0
5.39390599716 1.65379172758 0
4.02241441007 4.46997708958 0
5.63446274414 2.962991177 0
4.07106413758 9.50963951723 1
6.74630816201 8.9744566149 1
0.17022681951 8.93070156847 0
1.39895166117 5.59582711266 0
9.46771894567 9.3764990414 1
3.31708528919 6.05227228299 0
7.91689829673 5.28980702044 1
8.54728617264 2.31062115417 0
3.7783713519 1.18333710048 0
0.978449164446 2.27100448104 0
4.402059985 1.45800238845 0
0.249164138202 6.82982730964 0
7.51328367076 8.35145516099 1
8.78627921465 3.28002207937 0
9.92250059458 6.99407574086 1
4.8341204635 6.40591923624 0
7.90265366331 2.50516315422 0
0.841798637334 3.85886199695 0
6.53017950762 6.52541141013 1
6.41701247896 4.55170461633 0
9.97938390114 4.29405072245 1
0.691831821981 7.52348989039 0
4.78764434826 5.33622383445 0
8.2547766515 1.77202490672 0
8.52834089912 5.6455179456 1
8.64524625036 4.82212550828 1
7.33311402227 2.26988048236 0
8.07431419943 4.55289487637 1
8.92566179383 6.17948528675 1
8.59540363448 4.92766514177 1
5.02552584193 7.95003261055 1
4.48114908434 8.21895074989 1
9.36176957574 5.55524821971 1
1.66206149521 1.10225243551 0
2.22521474603 2.62522240939 0
2.0165095368 3.03133089099 0
0.188071845006 5.34931767075 0
1.88804094589 8.15130362878 0
6.47041446793 3.42041357843 0
7.05141106518 5.11277772119 1
7.38921472341 4.06418362367 0
8.53170994169 8.08032059292 1
0.417951999695 3.80577190829 0
6.2761130181 0.0972244469926 0
8.20942239573 9.51602469851 1
3.69244990695 1.02405164285 0
7.86366351468 7.08746567462 1
3.55517435085 8.62111456371 0
0.00607011528241 8.33751522049 0
5.19387741367 3.63475503034 0
1.2218504548 2.71149907397 0
7.76764305951 0.998217115561 0
2.23629352284 8.60354777683 0
2.83160224435 6.46916455155 0
4.91385882452 0.421467845669 0
2.01657965717 8.00653628123 0
8.06132923063 2.91908855819 0
6.30540627489 5.95215792045 1
3.27459880096 6.30799352826 0
2.95329134565 9.9373885551 0
4.84403293228 3.23606151494 0
0.141372229982 1.53910274271 0
8.27710477136 3.70194534504 0
9.20892576625 3.9803439969 0
2.87158205892 9.46394703746 0
6.26294345069 0.51555103175 0
0.819320323513 3.58666172266 0
9.77736737442 5.87963440232 1
3.07291259101 7.05052215376 0
3.00818158626 9.96933197487 0
6.50732683937 6.5257955694 1
1.17155403599 6.43442772415 0
3.11658642292 2.68467903338 0
2.54295161148 5.81018693959 0
5.70106339928 0.671991771209 0
5.1942947413 2.8689747878 0
3.60577192862 6.27867469647 0
7.02721371258 5.48259783987 1
6.86506888425 0.134022556744 0
7.41354420115 6.13818115287 1
2.45325012735 2.02348229799 0
3.95345588722 6.02471334413 0
5.35174076192 3.28696641817 0
5.51554020562 4.6482835553 0
6.58192291083 7.51681302843 1
1.82514429279 1.67074533929 0
7.70435425157 0.055265816468 0
6.59718259384 5.59755079549 1
4.03598980027 0.388642008607 0
4.45593089095 7.78724314804 1
5.91952117613 5.94237161905 1
6.16301883116 2.09924188063 0
7.37002271401 7.37591787637 1
0.705780292201 5.01945124251 0
7.93991482963 2.89493772311 0
5.67012077592 4.88311736937 0
7.77383305425 4.26599921067 0
0.286540005391 0.332709866556 0
7.94846259526 5.85227219697 1
7.93542256245 5.01591653425 1
6.38182986674 4.44809848808 0
6.5298344219 0.787608941916 0
3.91967894028 1.2175614413 0
7.7744139622 4.71769565354 1
1.41201269644 3.98053179211 0
9.52707445072 2.74774076869 0
0.039375436717 3.30758047053 0
3.53804691758 2.43857431923 0
8.31831503015 8.3939928402 1
8.46958168581 5.14851160304 1
3.7783035315 0.994686280772 0
5.58837289878 3.95296511807 0
0.762930031776 3.88603073467 0
1.08639995142 8.64232877517 0
5.02769828869 6.85793300961 1
8.07069476166 2.79167434034 0
5.4782405729 9.14455227862 1
5.50842759756 6.97015469296 1
9.87660727915 6.21477847029 1
8.99376104679 6.8091828956 1
0.572160950421 9.0761676272 0
6.18873835573 0.739779014571 0
4.26490067503 0.957627216579 0
1.93608458209 9.41458011314 0
4.84114632591 5.25477463054 0
7.4097384707 6.62878548838 1
0.59424452596 7.71054121553 0
3.03609604224 6.11688449848 0
3.62530993086 6.69132467245 0
7.4991226552 3.38962715531 0
9.83093877234 3.56084448723 0
1.34484972032 7.05655319418 0
1.30940684086 1.20173906934 0
4.24747832165 3.08990229768 0
9.20607553665 1.4596485846 0
9.0658151412 9.99583161278 1
7.00843949974 6.96669624787 1
2.34605211705 2.02189550065 0
9.88816758674 9.87478602617 1
4.72351809825 8.85874821436 1
1.05297568232 5.27059596453 0
5.90937794647 8.81922385273 1
2.55533673516 2.47753423863 0
6.55433892738 5.50057520111 1
4.65833124074 9.42263341811 1
8.89362429781 4.16370674087 1
5.79593737945 9.68560165084 1
8.43084407131 4.30843104242 1
2.656215139 7.74261191027 0
0.757508202937 0.150938619471 0
0.364399234468 0.685058478418 0
5.2070699199 7.24957712618 1
3.93140216324 0.859143589087 0
2.84918487726 6.70267227721 0
0.633312838922 9.20695433124 0
6.83968852139 4.71336994776 0
2.83179347298 1.15881122861 0
2.03555398085 2.20986578974 0
0.516018501972 5.65438291983 0
7.91003913335 4.16710353851 0
1.84148311442 0.751185350762 0
9.08865637528 4.39634462164 1
3.3402015381 4.11379273362 0
0.718960774812 4.68622957806 0
6.77792244144 2.81436183765 0
7.24455482119 5.82195365307 1
4.7723126524 7.13784919189 1
8.5935798031 9.70133807383 1
7.73749974904 0.96674888374 0
2.13973200666 9.36648778108 0
4.07084371827 8.91464295587 0
6.73533985041 2.9916149306 0
7.48509192863 6.06871500806 1
8.67373766531 1.18218611707 0
1.88400503433 0.57181254881 0
3.8551456224 5.6567381059 0
2.38451642538 4.8921648192 0
8.57759399658 1.9271274401 0
0.443206244619 3.4084604942 0
5.87222697639 7.97710786049 1
2.42417745309 3.40323928346 0
3.77935986016 0.538427186244 0
0.551081862965 7.90408322033 0
9.07797990602 3.5510922215 0
0.286576336484 2.13166127163 0
8.02067488413 8.33715265258 1
8.25159222658 7.81269385991 1
5.34334466459 3.15161954124 0
9.41484750061 3.65881141573 0
0.383827169863 6.82622831772 0
2.9506337237 1.16178132403 0
4.45929501448 2.08494395864 0
6.50069067594 4.26593104591 0
7.71879285898 7.96592720229 1
0.716298525603 1.43111125277 0
5.18933737861 5.30684666761 0
1.0568142853 3.33224211986 0
5.0338250627 1.88700671169 0
4.55130012814 7.54337039818 1
4.34001099226 2.88547795735 0
7.25435967979 0.58414149265 0
8.85591362937 4.48563009271 1
4.0612831034 7.29202255917 0
4.31972631158 6.10450549214 0
5.41770583655 9.58607114508 1
5.09064025524 2.94625365619 0
9.80061791578 1.09465255698 0
0.765818951735 0.264440940255 0
1.69497338277 4.56117917989 0
3.08351113009 4.21037431508 0
6.47996171745 7.45163428812 1
0.68489503977 2.2506333021 0
2.92928367418 1.69777678285 0
0.0661581220525 1.05614070316 0
0.382834571082 2.59377007637 0
5.98339240239 5.19334593115 0
6.89922948138 3.64247177031 0
1.62320439543 4.93147414318 0
1.4952025422 8.8401573355 0
1.22795654571 7.34102542772 0
4.2025741497 5.5789660487 0
2.74784233835 2.48705847642 0
4.05442425552 1.88392459578 0
0.26095514346 6.83298222635 0
5.13732797295 1.63295946589 0
5.46261937219 8.54200973097 1
6.82813329023 7.60552633991 1
1.42581614804 9.23295736519 0
8.13394945817 5.68210461583 1
9.42526299788 8.65480216166 1
6.80635475346 5.47897576756 1
2.17385267344 1.86649629633 0
3.54645780577 5.65140717741 0
7.25125325585 0.366097291295 0
0.230677816489 2.34166787069 0
6.87581979947 5.88584767758 1
9.86874400685 3.30569900385 0
1.24904642158 9.34483062835 0
4.78106515944 9.9737611026 1
4.16769081691 7.50739917482 0
1.95780146015 5.95221473308 0
3.88756342579 5.43426898017 0
5.54382679457 1.6863170279 0
4.71055774626 5.7818971814 0
3.41866490148 4.96201206407 0
5.22618360708 1.58806380358 0
6.12381453376 9.92277020026 1
7.912918385 6.86109237445 1
7.60157347413 2.44829397699 0
4.95169754583 9.20238360323 1
3.28531212384 7.69817248457 0
1.83320548534 8.45633183416 0
4.95725862339 2.67315697405 0
2.78057473827 7.57525042043 0
5.55907044623 9.64740937801 1
9.70350893166 7.27661037026 1
8.67565015063 4.27178511017 1
9.8563355198 8.57311139709 1
4.12647575078 2.97595264914 0
5.85425190899 9.67355584294 1
2.97351703201 8.7733564773 0
1.38515084531 9.89194604867 0
1.79499420178 5.97335056077 0
6.99230131727 1.52218125978 0
3.58029032502 5.80030182029 0
4.89344212971 2.32792574578 0
3.46308181098 0.104862864936 0
8.94479047781 1.85228743499 0
3.71083640832 5.32041799531 0
9.24733836131 0.545873600932 0
5.04329908552 3.58494984272 0
4.36859810661 0.112325598491 0
6.04738531753 7.22220926814 1
7.98998665569 0.481978921876 0
7.21596138807 1.50195367192 0
0.152378571208 9.35373790542 0
6.98929601223 3.55621634415 0
5.65717854846 1.61147939207 0
3.48490010386 1.32540246339 0
2.28359999868 7.21595455543 0
4.65828269764 3.62407444615 0
3.96783610417 1.60033446128 0
7.55256449149 5.03725465838 1
9.56020809914 3.11926660773 0
1.32269429702 5.30446186558 0
4.66716482452 3.84900061936 0
6.6169581964 9.50725385296 1
5.13387168898 3.9358764501 0
6.90285371474 3.94363952047 0
7.34048991224 3.52467807207 0
8.20055542496 0.749950320438 0
8.98734579087 8.57382736074 1
7.99917882446 2.12924937149 0
4.46677416946 8.72939074817 1
0.217624862679 0.972957061038 0
7.53330759194 7.86126669222 1
8.02034282191 9.251834578 1
4.25466379185 5.96946091258 0
0.185355396344 4.00727827237 0
7.03882470126 3.13262649594 0
3.87912264675 6.45572654338 0
9.80446931892 3.80654940788 0
3.07242230178 9.9976500241 0
5.95197743723 1.92555204049 0
6.74232005826 1.86857861463 0
5.57521362857 9.75525581284 1
8.65343833245 4.75673093819 1
5.09977810528 0.833542916682 0
2.12853378018 5.66360231781 0
4.3061845155 0.303949045437 0
7.75352856826 0.0584912150562 0
0.393596746692 3.24976882376 0
8.99077017477 3.70244205403 0
8.94337311242 2.78051889101 0
1.25936979491 2.02693372793 0
9.44744265406 6.01807192551 1
3.95149059369 5.01581058339 0
5.5733053921 1.90159976401 0
6.84486813988 9.23901361911 1
5.49237844772 9.56744419107 1
2.9205678763 3.95436563012 0
5.70238510082 3.34636265465 0
2.74835797991 5.83734099618 0
1.25540408295 3.91612709925 0
2.91186546682 6.08930030144 0
1.74162993464 0.396131007524 0
6.56435463839 8.74962043006 1
8.67653282848 2.64966721519 0
7.25399610677 1.66191675532 0
0.388397541775 4.1691516466 0
6.30208599662 8.00693761552 1
9.10207583569 0.106745002139 0
9.13762658707 1.61334679462 0
9.89824163155 5.58137129638 1
3.63744934243 6.93607879409 0
2.05221842917 9.14916243743 0
1.93171171824 0.640097985827 0
0.521060884341 3.18611533052 0
4.99408302302 8.40015391517 1
4.07667161509 4.44987230367 0
7.17646149116 3.2288153884 0
6.06605275226 1.94333933898 0
9.41725326908 2.06801690982 0
0.385518351725 8.2657138133 0
6.51294344276 8.76731646599 1
7.1928809505 5.25031451681 1
2.68188566752 4.45913522865 0
6.599829599 0.211668656091 0
5.02158678139 5.28710273301 0
1.97326735198 7.47961263165 0
0.316505394254 0.0376992135982 0
0.236281848571 4.96834406361 0
9.08413994875 6.16634916429 1
5.60622846144 8.76370938349 1
8.52788235222 4.99516801992 1
1.93019567781 3.92882895729 0
1.62425233889 4.81852337808 0
8.7753622287 9.64934604728 1
9.65506516575 6.96297568266 1
3.473982455 9.55977792623 0
1.66135646288 3.17498425059 0
5.35785402556 5.92129523946 0
2.57597954568 1.0219065486 0
2.82985009771 5.39441002337 0
7.81897558201 0.907671680655 0
5.30710358793 3.99157090226 0
0.395096872711 7.92042177988 0
7.5348405517 7.67941712957 1
1.99117063914 6.53942104021 0
5.3832448058 0.904520869173 0
2.78706951863 6.76685644845 0
3.16806472051 1.30945785193 0
1.28773271903 2.43173353827 0
5.27144011301 7.13569080988 1
4.20928225021 1.82019344204 0
8.43695008274 7.27369063251 1
6.64547345036 7.38872744689 1
5.31743379264 4.76582532194 0
7.61534021724 3.21816094159 0
8.55415946912 4.38931901499 1
6.27228847409 6.76483940784 1
3.24866072914 1.91213498499 0
3.66357797476 0.511438436128 0
4.24031912102 2.60652138742 0
6.62307563377 9.43377382115 1
1.81499891295 6.92455009341 0
2.680620098 1.50773108294 0
3.49955055678 0.346194684158 0
2.01359689027 1.8316654191 0
1.70734112818 0.273372358709 0
2.1234569632 0.278442822967 0
6.79893967892 4.360593674 0
8.95917877536 5.45458197449 1
4.75906025744 3.56809178076 0
4.36607103853 6.72551094591 0
9.9708166423 3.51883765947 0
8.75879396648 4.19780623115 1
8.23997929293 2.46142007928 0
2.21645251248 9.00997740976 0
7.14857122833 0.74287860527 0
9.99777212392 5.75954441958 1
1.36862880839 9.17088550041 0
1.25803704071 7.60147398254 0
8.18768027384 7.73422001873 1
0.835261239025 1.45764035878 0
0.869411147566 4.5000146974 0
0.734058748718 7.76176199073 0
5.55734125699 7.69492682224 1
3.29191214258 7.77158994701 0
6.59104473442 3.26231229419 0
6.74779446667 9.97265560091 1
0.506903751242 2.64736329375 0
4.50356473493 6.6643698831 0
8.62876021155 8.90926901963 1
1.91151933617 2.83968340336 0
1.85496279547 3.59627963286 0
5.23267982522 4.28773894255 0
1.54322244707 7.61443808895 0
6.29945828079 5.44297884133 1
9.35223765227 8.72155702858 1
9.27813735592 8.13547280009 1
4.42679374168 0.497169606431 0
3.51626747635 2.7883824886 0
3.76456930737 4.34289099145 0
8.83490640029 6.47524152481 1
0.795160329195 5.01071964524 0
2.65678436664 0.436315494888 0
4.35009565145 5.95810800948 0
7.73195676964 7.5144688608 1
5.87722744505 7.51751829669 1
5.97570128505 6.97915671126 1
5.53795205749 0.284246905967 0
0.329646230732 5.57479055874 0
1.61981466488 5.12449209573 0
2.72261161783 4.71139735136 0
2.88263905773 6.29148790474 0
2.49328714948 7.82289338997 0
0.819620304554 0.1608964485 0
2.70763954241 1.47684236431 0
7.08744091794 3.11659785767 0
4.45577876315 6.57262300444 0
2.30202230336 7.27703457839 0
6.79229295598 8.93816210126 1
4.17992876501 7.35745172418 0
2.35141898905 3.18973460612 0
2.74389307295 1.0101489531 0
5.36550750949 0.535850647694 0
7.12088999154 8.70817645955 1
4.70956517526 5.79472671945 0
7.45343257084 2.53492982211 0
7.32545286737 0.790028359795 0
5.09025956931 1.42143952475 0
4.98814099778 8.474948116 1
1.44878843157 1.11967132585 0
9.60775292177 5.03589842609 1
4.34672484498 9.78848731121 1
1.7914780429 5.84314930927 0
6.26044485615 2.91703807305 0
8.69001154864 6.292613506 1
5.21768502002 8.14453407743 1
4.03962616189 9.17825720518 0
6.08373319972 0.483256605022 0
7.97065035476 2.84436902715 0
3.03763683064 6.01756979462 0
4.46759283094 8.78632799119 1
3.81662497019 8.60394840467 0
6.96639026736 1.32055872228 0
8.42784132272 1.59560961924 0
7.08953719703 3.50141534115 0
9.18933103072 3.86758689313 0
2.86870550653 2.1355940663 0
8.86650085836 3.87486104176 0
1.83057358478 7.60759695059 0
0.88928179655 0.189868910402 0
8.42245600345 1.39941609357 0
9.33909487111 3.21904474667 0
2.9119703562 6.10537563044 0
4.93939517104 4.21324277581 0
9.73107422997 5.49874976166 1
6.3622491501 9.95116655281 1
8.69231226737 2.10896920137 0
6.74314379643 3.529888413 0
4.69270694495 7.54602081853 1
0.157659237576 6.51530627892 0
0.976258230634 1.64554362074 0
6.72350073041 6.77551219333 1
0.464073198903 1.64544396974 0
6.53924880062 5.1485960801 1
4.39842543567 4.65271437605 0
1.1234369508 7.9881607292 0
3.14339556985 7.67014862894 0
0.601949759016 4.90078765608 0
8.49867480613 7.58595544463 1
2.63479840128 5.59603878756 0
9.121415848 0.721493698084 0
7.17054682425 0.0286881170644 0
3.28430210777 5.66844617442 0
6.43874480517 3.14288180243 0
8.42306348639 5.27059668884 1
1.90621972035 9.07605796814 0
3.59414218413 5.42297400907 0
6.70463516579 7.72540951549 1
2.39885726854 3.49231177035 0
9.01880189022 0.837362348806 0
7.62091437778 6.80773119541 1
7.23332356456 5.0276976679 1
5.92515539769 1.7278335962 0
3.63177175397 1.84694025099 0
6.96167482695 6.08933530568 1
7.11369026862 0.820428423645 0
5.36901325421 6.16698018423 0
4.80181604139 9.90331030333 1
0.802987802832 4.22436064014 0
7.61983914688 6.43946642904 1
0.359356288171 4.85058247755 0
7.40276961174 8.993240045 1
1.93564611245 6.5427188754 0
5.50027731102 3.7883224473 0
7.3990013231 4.17891980365 0
3.3728797742 3.2115505085 0
6.48154823993 1.90397978402 0
7.88485318626 3.41749421901 0
5.55064432618 0.264256482422 0
3.96367152944 7.86103364849 0
9.38974818814 2.74932646524 0
5.11735867926 6.03883630817 0
1.94035715608 1.38949179557 0
6.09563340692 3.7968767501 0
6.884964545 6.71107096717 1
5.02710159361 1.65899473907 0
2.99237478211 4.31142202303 0
1.89922589553 3.94346930046 0
7.84467539144 7.13173258196 1
1.22355927899 2.52130252604 0
3.26118796974 5.15022833691 0
5.70087992648 6.96058304862 1
4.44767917162 1.56361825727 0
6.67137269477 2.90656116077 0
2.58009819675 7.03702372654 0
7.71737640236 0.573872581865 0
7.59152272215 4.14787598877 0
3.72619217348 4.43963278849 0
9.73308594295 6.0636165059 1
6.09208251505 6.95904366198 1
8.54801715401 0.260126286491 0
9.99818874321 6.20977243632 1
3.74600003803 6.65194366274 0
8.02681796677 6.50042810144 1
8.72328420152 5.30653308149 1
6.20775357913 2.45633914654 0
9.9986326324 4.87749745646 1
3.06269797749 6.89014980529 0
9.8323485847 0.781259375345 0
7.24240703205 2.69426543335 0
6.00998537764 6.79067752706 1
5.33836491186 5.14558507531 0
9.40119585406 5.78017577905 1
2.43233420273 3.16491876088 0
3.81630220441 7.09438337137 0
1.01111318334 3.00731306432 0
0.348300395781 4.40675662673 0
3.40011586553 7.51075800444 0
0.953562591498 0.850677478467 0
1.9051942275 4.09996363494 0
7.62467452928 4.92581750665 1
8.89350113957 9.39099778981 1
6.9569333776 4.15407375673 0
0.960541183839 8.19693559336 0
2.06856657883 0.0830412631932 0
5.1567062188 6.98689135235 1
0.332652997984 4.03908359609 0
8.21842917743 2.77472612687 0
0.903951179673 1.65977629983 0
6.93767323955 2.54775519488 0
6.83861425175 7.23329716581 1
7.00116131861 9.23833793823 1
1.01950851362 3.8793612685 0
8.7393409769 6.83198859961 1
4.38213279883 4.7405635254 0
1.81974647175 1.12325379641 0
0.404298375642 1.0764089185 0
1.16027067259 7.29133935042 0
9.05529384663 4.0458048643 0
9.01041762646 0.609453011868 0
2.51282009306 2.5779625106 0
5.69192187123 0.311238012613 0
8.64966676841 1.29460144996 0
4.91557202984 7.77931070904 1
4.60279858266 7.81598242046 1
6.37674025501 0.60264866898 0
1.73245278184 5.33227040355 0
0.160660787724 3.60589935075 0
6.20219197702 8.23753943705 1
2.58131472542 1.63765253261 0
3.8475571312 6.28234271637 0
1.53959411551 3.67164615584 0
7.50061494514 9.45123970905 1
5.98366001028 3.38262665664 0
0.747952983039 7.63796937036 0
4.37016767315 8.2090811629 1
5.35232070493 2.01447285621 0
8.41889120577 8.31816826414 1
4.39212043815 2.43508607806 0
7.85894505645 6.47875384773 1
9.01452880171 1.99904536007 0
5.95143960613 2.24461259364 0
9.27903541559 0.038985050056 0
5.26638100766 7.72812365684 1
2.47482853707 0.802705427112 0
5.20438067638 8.12848576954 1
6.60982357263 9.43383592798 1
6.14421341822 6.72906927834 1
5.64441126609 5.84371118392 0
3.29418276589 0.490424721113 0
0.707715088907 4.72773504346 0
1.46901101018 8.36456703216 0
9.46856073773 5.05011913664 1
8.24524743335 9.56957260593 1
3.87328350614 5.50383109749 0
5.25789919018 5.49957172954 0
0.191182565913 0.828510501776 0
0.251877401642 0.202642157248 0
9.6381430062 5.94308744196 1
0.830722927778 9.27267690055 0
1.40832484385 3.04008444956 0
2.41231986078 8.4729102672 0
1.21444333243 0.944926723587 0
0.266609200061 4.19643646795 0
9.71249195294 3.79291029308 0
0.365316395203 8.52584293315 0
1.21479069628 6.26357153081 0
8.24283932193 9.91864586716 1
3.02461838301 1.19649843717 0
8.97451664951 4.41424768651 1
5.51398558219 5.88289994599 0
3.03127482695 0.942043635167 0
2.02345563482 6.3330575554 0
1.45063619386 6.37514783827 0
3.27641739671 4.65073868582 0
5.57543118032 0.0326755991933 0
4.91170533203 7.11274160065 1
5.74432150305 1.71534415112 0
5.91106265042 7.9487352297 1
8.52530360902 3.78346706404 0
8.72230182689 4.36943225689 1
3.00960156305 2.74947012114 0
5.30491263164 9.01138841085 1
2.03578289281 1.09278824244 0
4.97708506137 9.61699604312 1
4.0988030946 5.21562654609 0
8.61830329781 5.60042793113 1
2.15000242415 0.607844460979 0
4.61112546157 9.94329112271 1
6.05093700119 8.90196315418 1
5.42385922 8.28069713885 1
6.76680553254 7.6223427348 1
7.180754689 2.13778735675 0
6.14708107721 8.23365495237 1
0.257227573371 6.61863060813 0
2.18397316753 3.85640284322 0
9.23531354418 2.86315401776 0
5.24840676196 9.0106822719 1
1.9374159372 6.63675632309 0
8.08864835402 5.94309819634 1
8.32750554061 6.37026975248 1
8.5510942211 9.20261617291 1
3.77305007027 8.54811948264 0
3.57362606065 8.93981539295 0
7.9787567607 4.65365461507 1
0.766838998134 2.33430764577 0
2.61935264901 7.33431109763 0
4.84927279393 7.43066629383 1
6.32242492817 9.35566681936 1
8.70113267394 2.32164907769 0
4.22044714178 0.924954003596 0
2.78538546008 0.440527821608 0
6.24273769991 4.70161742107 0
1.2820059469 6.00788172606 0
4.31587447812 4.91207230685 0
7.0315467007 3.06073229232 0
3.74676842352 9.12506731721 0
0.106297311395 3.54240872842 0
5.55835883484 8.96682374831 1
7.24081912347 2.8305623226 0
8.3441326658 0.544591850817 0
4.14172010339 6.82239162956 0
2.64564008341 5.74603763423 0
8.268339389 8.69837731817 1
5.42836437746 1.57386214587 0
6.22059962086 1.44253738889 0
5.29850919918 1.70367608517 0
5.25488586162 9.48521186291 1
1.96266368966 7.99187667017 0
9.16987167 8.84934626647 1
5.55214769575 5.42118472719 0
2.43189534815 3.4509845069 0
3.34485275849 7.76177277703 0
1.91247942002 6.48770277798 0
3.25922960421 4.91939727787 0
8.17740348082 3.6853145225 0
5.08684621588 4.70896159578 0
7.75964057338 8.011445907 1
7.77964531608 9.91579314119 1
5.34546267351 4.76115055969 0
9.42166853815 5.7974178602 1
9.3519348673 8.63768082389 1
1.45404203855 1.54980316544 0
1.97720270397 3.2878031563 0
1.98974081045 2.43623716652 0
3.36861769055 4.48071213098 0
5.87948580027 6.49420397558 1
2.27292667277 8.14348399422 0
3.19354491846 0.442745201145 0
6.64619490566 5.82538819343 1
1.63719553338 2.69154697458 0
2.248105459 3.75366803411 0
1.65049486492 0.456647155305 0
0.665820831692 6.48992660528 0
5.68962670566 6.82990572857 1
6.69897442722 4.17694511668 0
9.03739128652 2.44417257337 0
2.28558267772 4.95809384997 0
1.78718215032 6.01283198396 0
9.61680026777 5.10041925368 1
7.67832519333 5.71649902141 1
2.77078942542 0.69070480375 0
2.06446108468 9.06658451663 0
3.59885921574 4.55039970179 0
3.14981883527 1.77992259646 0
7.12157077368 3.66303815385 0
2.95327977875 2.24366663094 0
2.95940069524 7.01641793006 0
0.0373356895225 2.47861332635 0
2.8236178775 9.90639616133 0
3.64845819115 7.32407915815 0
1.73125132534 9.11908310253 0
0.593364834123 5.74948387046 0
4.51152901047 9.92097133925 1
7.44466540853 4.20769605926 0
1.14928991089 6.62465247218 0
6.40795819394 4.58792906921 0
5.71568148273 5.68287829341 0
1.50966923765 4.43554156416 0
4.30788839841 5.15848579652 0
8.35412526961 8.84726460507 1
0.785641788832 9.58853110605 0
0.525081265459 4.90451393555 0
2.25106192137 0.951091943982 0
6.16317663903 6.87307666679 1
8.96006145611 8.45619149362 1
6.96208932971 8.5498999514 1
5.10579216201 7.27287291335 1
4.48022709389 5.53860137885 0
4.82765393344 4.89390949268 0
7.5987034002 9.02283953191 1
5.91907133746 1.90464702935 0
1.3823304725 8.45697886759 0
4.19103535852 0.4297443078 0
2.29475463546 9.00078357985 0
8.59682383021 4.31229083741 1
7.21330247263 9.7505832026 1
8.06934096723 0.0402472349356 0
2.81493959263 1.15407800158 0
1.54631072284 0.580804584831 0
4.93603123521 7.66553350174 1
0.678132432574 9.10835742641 0
3.52068578781 0.201034409247 0
7.27097096944 9.54874971609 1
9.70272581173 3.14750994952 0
0.661528618447 0.144672362769 0
5.18108604229 5.99937153684 0
7.31411077475 1.64814773225 0
5.40437852472 1.38338160565 0
8.95923333836 9.19954074812 1
2.68361847401 5.65378792711 0
3.06616788833 7.85577177011 0
4.48949285081 4.17516030029 0
6.3561416454 2.67539609906 0
3.16022466739 1.8525257578 0
6.12948762015 1.41197077147 0
0.919564931 1.40953932726 0
8.68001687962 1.25778037503 0
3.50181733569 7.85260154083 0
9.11575224365 1.577464431 0
8.66755339892 8.50799531751 1
3.97662998835 1.44780937599 0
5.12364708625 4.93834890986 0
4.86988026021 4.14252896452 0
1.44105417323 7.6297550101 0
7.98798138902 8.9971264736 1
0.350857007476 0.295167739774 0
4.28017424649 1.29125643411 0
5.43459527981 1.90246083633 0
7.67143037078 2.75489931873 0
0.7524979534 7.99889697792 0
7.7690532342 8.08335048188 1
2.58127188068 0.178300545603 0
7.78692075145 3.92577611768 0
5.65381268167 0.575677376946 0
0.110087212882 0.320182909082 0
1.24382538649 6.99887196761 0
9.57476712067 3.38471526025 0
2.18874764663 5.98940622874 0
2.4716133816 1.5809423021 0
2.50662766228 5.82549332185 0
9.56933482993 6.13219837111 1
6.79451376031 7.1567935153 1
2.74463076894 2.43681476943 0
8.29558829569 4.7647933177 1
1.91578137696 9.19681537119 0
8.58478691285 3.21335873124 0
9.74090019958 7.3669703947 1
8.95297305104 9.27709662911 1
0.980613447617 8.8884314534 0
6.91876548079 1.49228961868 0
0.478100787318 5.63491277115 0
6.43392846764 0.333816938153 0
3.24498553708 1.60316182009 0
8.58997904574 5.80544222403 1
3.7789162738 8.44063603113 0
0.00703211092879 8.88212739724 0
9.17802970557 7.63898294906 1
4.81857177078 5.27038507509 0
1.87515411531 9.60641670509 0
1.73467914705 6.75848540716 0
2.29446109691 1.96813909094 0
1.5561109544 2.03828574268 0
7.79560382086 5.04561143683 1
5.49009936347 4.7337144361 0
3.49380954373 9.89022658267 0
3.37800671521 0.86654293902 0
1.03394539814 7.5289976421 0
2.32501227615 1.88015509599 0
3.91996547722 7.02503307248 0
5.95553132005 2.88045670783 0
0.759861632148 2.74574795791 0
8.25536035176 6.83253303966 1
9.83990251492 2.97166393804 0
5.03165339358 0.3499846804 0
0.627559917063 0.521385638169 0
3.32954690777 2.13185698703 0
6.59039227229 7.87459450259 1
9.89259417014 7.64019773594 1
7.38172491425 5.96149687568 1
4.2538292074 4.6677033425 0
7.43689148151 7.83816579679 1
2.99205447434 3.87082516047 0
7.23781138772 8.33586432458 1
3.154126587 2.80679661231 0
1.2614767837 8.60156103973 0
5.70613274072 6.43922773828 1
4.96873760704 6.08350955813 0
9.91761083956 8.98360654501 1
7.14137625671 2.20721965096 0
3.23716954785 5.14083929316 0
4.01893889496 3.3886907572 0
6.36437590653 1.49131532247 0
4.37662023349 7.26302766851 0
3.30131691713 6.79788556873 0
2.67228109118 1.35385336072 0
6.47234470617 1.4293458206 0
5.91588780654 8.62676764244 1
7.00190880546 2.30868197753 0
5.50437112706 1.94550956437 0
0.366857552326 5.27473091175 0
0.464827097782 0.61749598943 0
9.45924745756 5.28408125036 1
2.8334691708 1.94275979606 0
0.276274277243 0.169828009115 0
7.37152715268 5.79878603203 1
9.74640748113 1.65273383538 0
0.238717955976 2.66244800322 0
0.873891088168 8.62565848118 0
5.63388856061 6.07125983162 1
7.39994087978 7.99008249041 1
1.78748581349 7.80572257894 0
8.25226426959 1.6881509895 0
9.67588123181 3.84523517425 0
3.37626546026 0.543848907378 0
3.57471260598 6.2555640609 0
6.63060829078 8.34742577398 1
8.65210239991 7.68338594472 1
0.624309782844 3.58314469832 0
3.02877127337 8.62274581601 0
2.18208202769 6.84684093865 0
5.41473964835 0.973225828167 0
2.69317204079 9.34387214369 0
9.98482682177 1.38924998152 0
3.46106354259 2.24021677364 0
8.20107528536 0.730233030424 0
5.48222928727 9.54832431397 1
1.18716856991 6.24790426252 0
5.58235564205 2.78739132018 0
8.79790377795 0.968938448846 0
0.945728398257 7.68370531679 0
4.06801921377 5.78909129869 0
0.135285678296 5.80571790762 0
4.628287365 3.81593583524 0
2.26384120625 0.557291492314 0
5.63258871283 2.87747986097 0
5.31326218593 2.60792048075 0
1.07594699882 3.32788624293 0
4.34796724068 7.92468084158 0
0.727348799744 6.66819585189 0
1.83949823358 4.4782958957 0
7.97896273171 7.87062174429 1
1.59062528835 9.64294764361 0
5.81257177614 1.43728060095 0
9.39547951107 2.18297898361 0
6.72601091618 5.36366516629 1
2.99363205223 5.63175437027 0
6.84211973529 7.25618408936 1
1.67013055976 5.96382724929 0
9.60010655057 2.41372241074 0
4.4802104318 3.83103316528 0
4.76674343774 5.51699727801 0
0.617444197912 3.80709405986 0
8.87530401066 3.7219833624 0
5.5592640573 9.53078226152 1
4.83765845893 3.73095279454 0
7.62945392821 9.50321532906 1
1.33145897176 5.23046653096 0
5.03402918643 8.64064424628 1
1.27303553815 0.952943092408 0
6.84397053319 6.19615280223 1
8.52316728592 6.3998366701 1
