2.609688278280143 4.858788685516554 
0.9563487215659816 5.651930951300965 
3.3418615554581246 9.231583250417824 
5.834002783607532 4.415728661469279 
6.097096272527706 7.541084251122186 
1.7315331414802981 9.28730412631359 
9.07689314163762 6.237800378284282 
2.429108753407121 2.7192483434303294 
2.847837249135731 7.053319255640567 
9.230471195913573 4.257012280155528 
0.3587559901784376 8.421626111734993 
8.59604728242063 6.84314633702911 
3.348743730106898 6.986431862428519 
1.7247686640401472 5.541620074588197 
4.390085283476342 5.661651304302831 
2.1863374450781334 4.201203881514619 
0.023743750405955666 0.9083381069062402 
2.665273280985593 9.123708609226709 
5.8359228729258845 7.2720649807576665 
9.798029457927518 4.533096325317144 
3.3660821996715207 0.06888578460380601 
3.2971634668684047 6.110422329431135 
4.790006676575054 6.0784075870794005 
4.262965877211996 3.5386716008365173 
6.7732236690030545 8.902102198442076 
8.529169758677458 8.143908934549401 
6.554042858563225 7.187686033143642 
1.3616431494272885 1.1765168749757438 
7.813095595725862 2.5180224088231107 
3.8810102721606765 2.8114164543748643 
5.2038998981874975 9.679097697690112 
5.585773991958898 3.961076680921477 
0.051560881073426934 9.564012057160408 
6.216074091359128 0.6679534650122099 
6.144178761933942 8.006970040901214 
6.4155880818967255 4.489486947860185 
1.1053247190368198 3.793499655194794 
8.300530919462673 1.76836127968239 
0.6666138799817323 3.244677222642365 
5.9103439813474115 7.75142145253345 
4.698420406041695 2.7647898330163656 
5.925797117830115 2.448481613777369 
9.763407420667182 0.9850788581595626 
9.423345698275728 0.1662497363901927 
2.5102821893598923 2.759605710955866 
0.9472072371684559 2.9030160788766834 
3.6194072260961665 7.778032540911061 
6.068355215268449 2.394416201830981 
3.245542117589225 3.265308598993765 
9.98080840421107 5.307790686619366 
0.41266614721701345 2.3371330837882045 
3.756081253395217 8.282842622802297 
3.7521533216262757 2.7768092695797386 
6.138058709580409 7.283379249255559 
9.892281902339338 8.23527811505135 
4.6866142196245075 1.1749999463310978 
4.678775338842579 4.09456382310644 
7.629651067416039 2.5950238782115598 
2.005631871056809 1.14653824836494 
1.4595371860273298 0.42543624530730795 
2.430258036275097 3.070815349462943 
2.574561228511305 7.486440488778276 
5.78241648464759 9.272666026188336 
3.0348101195173594 7.46955904717868 
0.5816315147066187 9.576783334702139 
2.6802731208031205 7.458894058363849 
2.1399248396965143 2.1830145421492633 
8.821575950287198 6.607030771779822 
8.334403725155394 9.881395291681244 
8.904490211190303 1.4804699670484012 
7.708827611314996 1.8091449041514984 
5.719645775068093 6.9955235762843735 
1.0555047497735714 2.4124713511742604 
8.332068383266737 9.001411039809103 
9.83808948323239 6.239300994878496 
3.728724929265611 4.352148752923627 
5.931016670504058 7.7746693239583875 
0.8770199465607853 0.22033790343790827 
7.429434831648056 9.837128794343883 
1.9620957051276966 2.21529680454867 
9.724950179515515 0.4451537743730538 
8.226527520485593 5.383563607214042 
9.713228101748657 1.3501085265442514 
3.1487919736901446 0.4277682871803157 
8.604869949339847 4.764268378668613 
6.068972113457102 2.1844277669070014 
6.70858597774145 6.487234109768667 
5.287639965621893 0.54448144111649 
9.797802175412178 7.589342568902531 
3.453151123634753 8.550793752964292 
7.447346986905389 9.31659910029458 
1.00616899456069 6.864366582203147 
5.9523917014142205 7.760407060057661 
6.336301951731812 8.29001742214875 
6.266982816630522 2.9595989087387853 
5.0489626337154805 1.0678778269196643 
9.156859426785909 2.5759768066011235 
4.328763347679958 5.860558129547982 
9.11864959558073 7.569990818991343 
9.41613482163432 8.920832370969856 
