17.255671424 18.7164571483 0
15.3554230107 4.94989314418 0
10.1950502823 5.31525961085 1
6.70043828284 6.88045260163 1
18.4115538636 15.9665480206 0
1.86105749735 8.1891381548 0
7.40378963055 2.79851569814 0
17.2578359278 9.73909283063 0
5.18965925234 5.17418518925 0
5.5925335651 15.6444444257 0
16.5289038974 11.6984597187 0
9.08340942737 7.45634074079 1
18.6685058144 13.3072371225 0
10.302083159 2.60630481498 0
5.03073481398 16.5966253592 0
0.41226258764 7.24631301425 0
10.2664497257 7.1668460353 1
6.87324659606 7.99502213776 1
8.16267352797 7.29268153296 1
9.18686325704 12.4620131471 1
0.531685588188 8.03955629704 0
5.97443641043 17.0374679476 0
2.77361824517 9.5277562877 0
8.22372508712 11.4912304957 1
13.6684966848 18.2574340741 0
19.8814695331 19.8063412698 0
6.00632826538 17.8006211732 0
10.0894270617 4.33297879153 1
18.7236778349 7.18629307371 0
15.761160405 6.55395281831 0
19.823363004 18.825841374 0
17.172854649 1.39593666545 0
8.7878605708 19.7004200853 0
3.69023766099 4.32705717216 0
2.48000742371 8.9797681615 0
3.60388919525 6.45033807973 0
17.306292944 9.23264222811 0
9.74135236407 9.42527715036 1
9.98446618786 1.79895960133 0
11.1519540063 4.88705025562 1
2.20948416112 19.6208294205 0
0.330433589761 4.78481268501 0
15.8515777367 0.433012516092 0
11.8966496314 13.9868542772 1
7.57893862733 16.5694601839 0
15.826685851 8.49787805614 0
7.16874143423 8.8967689066 1
17.7664208054 2.87943244006 0
6.01247144349 4.77870559519 0
11.0658439958 13.7732791664 1
19.469321267 0.168399841474 0
15.505750663 7.18987051498 0
1.2919321169 7.45665581712 0
7.50731652937 6.46927839576 1
16.2332191227 8.38548097637 0
17.213158286 2.61693693313 0
8.75409783092 13.6619247396 1
19.9015519214 9.27166281464 0
3.64320737092 9.45131498346 0
3.3907269191 7.35630951601 0
6.36334117651 5.4307934107 1
19.9979889236 4.80270185943 0
12.0320791895 12.3826547731 1
9.5901918944 1.4351692027 0
2.56091791256 1.03363403479 0
12.4687374452 9.54673273903 1
3.87028650239 1.0825953711 0
18.21198437 17.5536500091 0
4.47183645188 1.07496254729 0
14.2219173625 15.4798385367 0
16.3301508634 15.6822210299 0
3.17442606268 4.19683462893 0
5.56661935269 3.93344096616 0
12.7709240238 13.088875003 1
8.79446182375 8.90996639245 1
0.6794624147 12.090977457 0
11.4253814158 0.509283990798 0
9.76035919514 2.54524125477 0
19.0948471128 6.59665898478 0
0.497184291465 13.254883151 0
16.369671624 3.7103944295 0
12.7727501304 8.83462001415 1
18.9077591073 4.65794782561 0
10.7173008858 19.7378462901 0
2.26011520237 17.739422178 0
3.51319554629 13.0288629413 0
6.83914068165 9.66650373622 1
11.391716144 13.8665060167 1
19.5377684827 12.4495838724 0
13.172627372 19.9369480324 0
5.41997932377 9.16836170258 1
8.71147654066 4.06684830534 0
8.72241102928 2.763027804 0
18.3115418078 5.21966931479 0
11.5354458625 19.3123436222 0
12.7476073001 2.00064957389 0
14.4592199186 12.2728870646 1
1.44918386518 5.67844257288 0
1.35269755325 7.58089136269 0
6.11459662302 9.10062986857 1
19.4001586486 15.1844744443 0
11.4956229205 10.5079712053 1
17.1540494584 5.09928745147 0
12.3976234865 13.0909365762 1
8.11478074441 16.5837698407 0
19.3690000329 10.4177372089 0
8.7649963044 13.9707765661 1
9.25680908739 13.8585347574 1
18.1233960669 14.7053123374 0
13.5145145149 4.09236334222 0
5.21008696288 19.2961978624 0
16.6747707405 6.88805823127 0
7.15935018793 6.39786541034 1
9.29265866715 7.7045358776 1
0.222531277263 6.58929981785 0
6.48689518273 3.07003910167 0
8.44754831505 15.056542587 1
13.7208132314 1.9136755625 0
2.83975880669 19.4897823774 0
14.9875596065 19.4713372438 0
3.12626911859 6.04511966154 0
2.87064174954 1.33738224208 0
15.4338313821 18.2949462535 0
15.0780186271 14.7814621978 0
10.8637278634 1.11241462141 0
10.8637431076 5.88153856404 1
15.9788482894 4.5867048326 0
13.2866164665 12.9611839565 1
14.7763858642 10.8897027776 1
0.276490273051 1.23249297712 0
0.0800115309601 9.41036813373 0
2.94248851783 6.48419145535 0
17.4966160176 15.798761645 0
4.02811831266 2.61435162007 0
14.7501636205 8.79666401886 1
10.0864898999 14.5693497738 1
11.7121191473 9.24409352366 1
4.51979098286 5.43600776311 0
8.42303957471 0.801301780392 0
18.3069361677 9.02624775191 0
8.38217760085 4.51145549959 1
11.29165639 2.42141067579 0
18.9447854775 0.878692666685 0
9.40565201584 6.72531894356 1
10.1864626174 16.1001300326 0
16.5872061712 5.57377475236 0
7.97947729695 9.07576594737 1
1.36707863202 1.15492698748 0
13.2359038594 8.15319004957 1
0.064886975323 14.9075629304 0
16.5301949355 10.9999503461 0
15.3352834662 14.8526802505 0
9.42173152615 7.80535374438 1
0.437269363043 6.95265756726 0
2.01876995409 3.6148391057 0
5.92539318568 4.6952834073 0
12.1210220008 7.63635486887 1
8.10779608131 0.108263405941 0
18.931196724 1.30684488222 0
2.89963155973 2.33720030757 0
11.6240977366 1.52980725244 0
2.2972319494 9.57385120339 0
18.2965278333 9.70186371725 0
7.88136608157 6.57207612173 1
12.0858425198 8.25210945415 1
16.8977057892 1.35060608219 0
19.2725746416 12.0445716084 0
9.36952027084 15.3893479521 1
15.8296986279 13.4093476047 0
11.5112877743 7.1956939301 1
6.12291512182 15.6953443934 0
5.3764626405 14.3459754317 0
1.22404672301 10.7299106015 0
16.478328924 2.72429327809 0
0.648360389365 19.4129027285 0
14.8436632825 5.03173827184 0
14.4952704768 0.420692588129 0
0.0260727214709 15.7183289668 0
4.13175830551 4.89005420364 0
5.61532127799 3.17509406946 0
4.50621983904 13.8809700377 0
2.75387657596 11.7582996998 0
2.17098147814 2.18705109255 0
17.9453767303 8.68419996871 0
5.75154934869 12.3037614505 1
3.86797997419 14.0645760925 0
5.98333013833 15.4444168894 0
17.8216869311 19.997917747 0
15.7462968033 11.6515549591 1
11.2714295383 19.354653317 0
17.4331444187 10.5682913185 0
9.90459741342 15.9921791096 1
19.0154344185 2.7280842912 0
7.47117988244 0.0190521068133 0
9.30287133066 11.7214164892 1
12.0602658548 0.6927498646 0
1.60181309154 15.3039424284 0
17.585620118 1.85641192329 0
15.1098487222 17.464107516 0
16.3081206346 15.7074056773 0
0.229020070597 4.94933774054 0
17.3557573558 10.0601492387 0
17.9822523762 13.5317188029 0
1.45928999736 7.43986820963 0
8.61818779727 3.3512458011 0
11.031947989 11.5842590923 1
17.3008309301 12.5690502528 0
18.4250834992 0.984538651886 0
0.421359478044 18.17330329 0
10.1221118406 5.79786429051 1
5.16227301736 19.9850685141 0
5.32408128466 5.52598977106 0
7.43638232161 17.1295825047 0
14.0675035465 13.0413432093 1
3.44074608772 1.06777956931 0
5.66774225947 19.8431173524 0
10.594208152 5.99711850835 1
2.99447915001 15.5965051752 0
17.5546292279 1.72311806889 0
19.2086295366 6.46885474393 0
0.273355339032 5.20833861149 0
11.7172031385 2.7005941364 0
19.3350444469 19.5299496108 0
14.7873491328 7.13481142722 1
9.77081445563 18.2562065773 0
12.8135398891 19.1796464284 0
2.0462342015 11.3856279935 0
17.0166180003 13.0386975226 0
17.6237348879 12.7802038179 0
18.9451205901 7.42820900448 0
7.44377858054 1.97357153436 0
5.17633932413 8.32413062963 1
2.19066294811 12.123827623 0
6.24192270924 12.6876773627 1
1.3036571659 14.2470085363 0
16.61184984 7.12923909 0
5.51918541118 6.64773609973 1
11.0294487854 10.5935476914 1
17.1884055272 16.6656899008 0
10.1070412773 18.1087348578 0
0.955950737295 14.7726399333 0
3.07384196151 17.6981195951 0
12.7374595041 1.10663357641 0
10.1521537956 0.375009540982 0
6.49098884498 6.53134293706 1
2.08904240053 3.48135367367 0
14.2832827477 4.03299506966 0
11.1155328883 3.93859328684 0
14.6929048703 16.7938905879 0
19.4568577914 17.5685368894 0
17.864403199 2.8546819686 0
9.3788653937 11.0564117841 1
17.9046362175 5.73112162819 0
4.37422945749 8.88111187708 1
3.52943744362 5.0723644356 0
0.187095848758 13.4459806946 0
18.2613987939 11.8575140648 0
19.5881287959 14.4819914982 0
3.65365324525 8.72676202745 0
14.4367999432 6.97240413766 1
17.3329494437 19.8217728031 0
9.48541911255 3.41898337203 0
8.24343420185 3.52054826977 0
16.4833143994 5.72622833677 0
2.41014597171 3.97014529087 0
17.2383246286 11.4763106244 0
8.60459632501 1.32773089654 0
4.91959501187 15.182190073 0
8.15747085694 9.90125746489 1
3.75196532691 13.1029316603 0
3.27191307828 6.03876762614 0
10.2450178586 16.8511956778 0
3.08308052769 4.06920414473 0
12.1083906235 12.3285236027 1
10.5777443368 2.41538860989 0
16.3314047923 1.61552197937 0
10.9227243448 15.3268723676 1
19.2763590208 2.40816223018 0
5.53141079961 8.74938936882 1
13.8798927541 0.908012177216 0
14.4863454628 0.0231986489555 0
2.54431911471 4.85584562763 0
19.561489793 8.21349406239 0
2.26340220822 15.9246379266 0
12.6021867764 3.55590274607 0
9.3447833109 19.838057146 0
10.9930553577 5.1248299633 1
11.1491278803 12.1350136064 1
8.41285568372 1.04592183869 0
13.603169848 11.9633417618 1
0.420177643383 0.691650831731 0
8.59474878652 7.24371228947 1
9.29711259128 15.5090919456 1
5.24459375876 2.20436595233 0
1.92668328356 7.68672567333 0
19.9374742939 18.8236183729 0
13.1649600527 17.7631061042 0
5.34259214712 5.35657372148 0
14.8850305325 3.70895021378 0
11.2866308359 13.1566372971 1
16.2637070975 1.08498420411 0
19.9816101331 2.65627253741 0
1.22595461074 5.81770814969 0
11.2475391209 11.3515389391 1
9.16538161105 18.9875116289 0
12.7104076958 12.5047856794 1
9.35546540317 1.50832756722 0
10.8183763129 4.9993543093 1
6.34762747618 4.04326030898 0
17.5101359302 13.4205779807 0
18.514212013 3.00555535748 0
1.0608741467 18.0307698745 0
13.3285380356 3.59822261531 0
13.8886870615 7.12682148798 1
8.24169348631 8.03324577398 1
12.6664520681 16.9265281606 0
5.87464976587 10.9060508258 1
1.76503242836 2.39995310997 0
2.47027163645 16.5456039853 0
2.35525319164 6.21870001172 0
10.354970183 9.20313822692 1
15.5301349387 12.7346540395 0
6.65162776732 10.8944909759 1
17.0184021394 4.26935294631 0
19.2005992803 7.13578288862 0
3.97798416524 11.8548048114 0
0.542641948697 18.4107566992 0
1.71310746072 3.51874243122 0
17.151746303 9.13020425372 0
17.556349463 10.0828729107 0
11.8784661115 8.01871079425 1
11.9032663058 2.40676593635 0
7.67335973755 1.31833286443 0
1.42087805291 15.4044248572 0
15.2921028975 19.8822126501 0
19.669107206 16.1204400104 0
15.2439369537 13.3673252468 0
9.07787149754 0.284236429098 0
3.56075112999 11.0597835226 0
16.3025779869 0.939607609922 0
3.95234588055 7.87312375863 0
5.6422821021 0.509418789766 0
14.0840468431 17.6330105185 0
8.55209574198 11.1710761215 1
16.7491416685 14.0984143343 0
18.900236772 15.0776562098 0
1.95903436989 4.32107533115 0
1.68398600733 1.26994223364 0
9.98858149254 2.55571467739 0
17.7172163332 4.00216677066 0
18.3934804019 2.94467375684 0
2.19693621777 9.94487378326 0
4.91140043627 19.9544388006 0
3.14846208235 7.45817451481 0
6.93038689419 8.21647165419 1
10.427763115 14.8363456194 1
18.7406891832 0.195017721826 0
3.29228945581 7.84714372019 0
16.2290909281 19.6411656041 0
4.96853042296 16.8613745815 0
1.58270426164 6.39487894566 0
15.7937699631 15.0255489669 0
11.6458258478 0.155421702313 0
5.05000879952 4.99647386638 0
11.5922414368 3.65975193525 0
10.5729845182 12.2937653838 1
8.32154220196 12.7894874799 1
3.81537228047 3.19942067246 0
11.9283213714 16.3171366508 0
9.46743213157 19.2566451309 0
6.30548259553 7.21908257476 1
3.69117313721 12.9086854213 0
8.91952435033 8.47301878628 1
13.5489844216 19.9765659267 0
6.59220759379 11.420637377 1
3.24706388317 16.2072899965 0
3.91004050725 7.9296371447 0
13.7061141732 9.8667183147 1
18.4613729864 10.5783129476 0
3.04581049162 10.5681293222 0
0.18071384656 16.8756054572 0
6.86347529913 17.9741532199 0
13.6814724121 14.4372962824 1
3.54487506743 16.3474781141 0
0.964459233831 7.10396422166 0
5.53829377111 6.06081451513 1
14.5294511249 8.6396482099 1
9.20823315222 1.67999200018 0
8.02676087018 2.81959311879 0
17.1020510866 18.237976555 0
11.6994977496 2.18006216407 0
16.7274504913 17.1659599707 0
5.9979041272 2.39667517032 0
8.60565778288 17.1753368341 0
11.4611022046 15.0543994059 1
11.494891433 2.37697248858 0
15.9742566593 17.0240858805 0
15.7652206869 4.37009955076 0
10.6058764512 13.246539926 1
16.6827346957 10.525090275 0
15.2688202878 2.88799284053 0
4.97418301923 9.41502353532 1
18.7365283425 15.7733010957 0
3.02950571863 11.366154951 0
11.5675919761 10.2930249453 1
13.7598126507 2.60231160101 0
3.61630382661 17.2859428162 0
4.20142613268 6.43819886767 0
7.51446841157 6.39809696419 1
15.4477354006 15.1028799778 0
16.8666594657 9.27760527148 0
1.70114591987 19.5197494098 0
19.4406149283 19.4061149269 0
17.5282518058 12.6079181967 0
18.8065912843 8.03526140593 0
2.02363747669 10.9095720715 0
8.50397302432 7.14991883681 1
10.9348592906 13.2302712327 1
9.64118798201 17.0211074513 0
9.35423813463 10.8860545524 1
8.32142611949 9.10935771353 1
3.78733702934 15.2240830768 0
17.5479886533 17.5019848367 0
11.0748129786 0.663841679527 0
9.92612177471 5.53642633589 1
1.15588787153 3.84959788974 0
0.337228189721 8.5802659285 0
15.5348108278 19.7994796881 0
11.1668842664 2.48277799959 0
14.1109236777 16.877258695 0
5.34829117048 12.3626856324 1
11.3652740733 12.2464708262 1
6.32216230832 6.73875735796 1
6.10273963309 10.101655095 1
9.82763241807 16.2385807159 0
2.4056805223 19.1032167429 0
3.11010712873 5.76714961569 0
18.2988346841 18.5151272984 0
19.2344179382 4.6095952069 0
17.6900582937 13.7175342 0
7.8710075286 2.89483858348 0
7.37430024345 14.305122053 1
19.4724328484 13.0900934234 0
10.1973921768 3.91304977808 0
9.69273784743 4.93390859949 1
3.10556780856 12.1436276881 0
2.75833483535 19.7630688166 0
5.48818839058 13.1669605789 1
11.747894458 12.6394349949 1
16.3785872826 1.96908811906 0
8.28967845316 7.02135509384 1
10.7259730423 14.8146422672 1
7.06401231968 14.4302433345 1
14.3130814194 13.3357632771 1
7.43779894743 13.235117023 1
0.578053368097 10.8164312111 0
2.56569482017 1.93137395952 0
17.6865787418 2.87915552215 0
5.50865693489 19.3923753329 0
6.674988978 11.7727440302 1
12.4844923155 9.20120036566 1
16.8862589484 0.510942558103 0
16.1474045145 2.92091931188 0
6.75966091331 6.47757887229 1
5.65138879493 13.699933402 1
18.732034586 14.0944725216 0
4.05550649016 11.8351845262 0
2.25717292973 6.75269782284 0
17.9406378148 3.90820433382 0
5.62248187535 4.36612090072 0
9.43611987128 6.2617629163 1
17.781837254 1.38050242622 0
15.0352678926 19.356452568 0
14.6564364062 19.4657916957 0
8.80031938025 15.1472437783 1
14.2555934324 10.4256908264 1
15.9334156854 6.0340481981 0
4.44857576021 4.03857748395 0
5.49885759994 10.7994195392 1
2.64028072616 1.30452308792 0
12.6276165954 5.71491588092 1
12.3819229451 2.33470917055 0
2.34531409595 8.83432091999 0
10.549424064 14.5239603314 1
5.78569001179 8.8111078096 1
13.0381901222 6.74296421318 1
19.2764404276 11.7786163097 0
11.1386231518 15.9213083822 0
18.5115311452 11.7378477805 0
6.15954307827 17.1892472347 0
5.53725957311 11.5434876333 1
1.99732091486 11.7781844593 0
7.72331145703 0.335208850376 0
14.355657052 13.3414366576 1
11.7641025575 5.47301448243 1
1.82899948229 6.24641169984 0
17.4536903927 16.0664422295 0
12.4398318545 8.5412898116 1
13.625920082 4.54520344255 0
17.3966972429 6.34960741513 0
15.6195557108 7.98599801465 1
19.848058483 11.0886698312 0
2.5469184551 0.683499983956 0
12.2910826759 10.8925717307 1
6.31268313387 5.10337885959 0
4.38234741495 4.53876495254 0
7.64381431852 14.1297657916 1
18.8207922911 10.5137899636 0
0.048677823689 16.7267216256 0
3.87210821328 5.25556213996 0
18.4774914989 17.5071588645 0
13.9065788069 6.12858209763 1
18.7099365372 1.44915468964 0
5.6954818131 16.5761832767 0
0.983946534812 10.6143120403 0
19.8049914279 2.18253969266 0
19.5681485513 17.3805696823 0
2.86786552943 19.1095525871 0
10.7815416032 2.74020161995 0
13.5133203926 7.60705610278 1
3.20989813595 14.1057836111 0
5.01186417561 10.8349999427 1
18.1148307753 9.53426550262 0
1.12367558077 16.2002142817 0
16.633742534 7.58614651683 0
19.5065211459 11.933791268 0
13.6259028457 8.64363529937 1
6.60107819914 12.7317543001 1
7.84175919751 10.9541115072 1
10.8536067676 14.4671306918 1
15.5535734773 10.6760820911 1
5.12973331683 2.99592212914 0
3.69128713798 19.3022678745 0
16.6688292694 5.6929473966 0
6.35891149429 7.59208847906 1
6.40457045913 7.332857799 1
2.44279677543 0.836046316644 0
0.288434978183 11.5775607164 0
17.4822633458 12.3486220385 0
5.57541908005 5.87680429199 0
6.9359713583 8.18316983326 1
11.5773028436 0.506789045127 0
16.9271429171 1.18290563073 0
17.7343995851 5.59380693856 0
4.24307546578 15.6969544681 0
6.10059923835 0.186388889719 0
4.14768468592 15.6426179825 0
3.02037255173 15.1250637712 0
19.7626664583 1.00842919104 0
16.0438870986 19.3701094053 0
2.50068863733 2.76611714483 0
13.1213792262 2.39416553025 0
4.6557885443 10.4064244069 1
14.4746576599 1.70124552081 0
15.5107825946 11.0569306823 1
6.96549340385 14.0361425572 1
12.9537899979 17.2236694185 0
15.5307916443 15.7815757569 0
13.0863327385 17.7254463945 0
7.50532216336 9.26579711733 1
18.599018551 16.0714858177 0
18.8013482866 19.3687677228 0
0.35029819142 13.2371481868 0
15.8363385888 3.12438033449 0
10.128354473 2.87345454034 0
8.22986183606 16.0922020845 0
18.5611176304 0.259909383916 0
12.3188028412 2.17813451778 0
2.57546765119 9.29356078338 0
13.4592845527 19.1234481187 0
8.61519137412 15.2730038949 1
0.261043791359 6.09259827424 0
16.1270495394 10.6614891899 0
7.19330974217 13.5630419934 1
0.920788250066 0.892379304546 0
9.03507593439 10.9796745733 1
11.1763713699 10.5680093309 1
14.3831562806 15.7237742037 0
18.6424568389 17.9695416988 0
7.66067130773 16.8162227615 0
13.7913797464 14.8310486712 0
3.1128086028 13.3634665272 0
2.72820201744 7.28777244923 0
3.26074791416 0.276930719032 0
9.50537110083 11.9759907624 1
13.3974005835 4.85813192206 0
10.6592001366 0.826302237196 0
16.7836591607 0.470984778426 0
2.3588059141 3.90798914801 0
0.654860934289 7.9826045895 0
12.6642799493 8.13574827747 1
11.4711385422 0.390049365575 0
3.06647308604 8.02648969988 0
19.8894923742 1.41572046271 0
10.254183345 9.01652752974 1
2.45302069419 1.17938337343 0
10.3652959011 7.57416028448 1
14.0931068371 7.90774480892 1
5.46309540336 4.21065274369 0
14.3847347933 12.7096597922 1
7.08878326222 6.02738704596 1
8.51649184944 6.5075237984 1
13.0712926471 3.31178662485 0
1.4927189894 7.2189660761 0
15.4600352847 9.64821571689 1
12.1962023518 5.33743994475 1
5.44572204822 14.1558880243 0
11.339402392 11.3612082183 1
11.4331144998 14.9567526512 1
0.0414092680079 8.65871717952 0
10.2455479481 8.67155966778 1
5.9084036811 16.6267581406 0
10.2622455415 2.45971173798 0
0.610928019269 17.499351955 0
1.90752866831 8.46187466577 0
2.96502934607 1.49549880886 0
13.5272563457 18.1039376581 0
5.04105003168 5.21148705084 0
13.2721680619 18.4356802237 0
10.4879864429 15.4565449358 1
16.1978219332 17.5383468583 0
4.59849880864 8.10906977832 1
9.10157264373 6.4548052059 1
12.5486285855 18.1914200759 0
0.346195604798 8.97406240441 0
9.41359161398 5.50600893283 1
5.43595530728 5.66245566565 0
11.3691470577 9.8533307592 1
0.191704265561 10.9124125249 0
19.5331051595 15.1770308096 0
3.09590170434 16.4221574202 0
3.84760990212 13.0451945725 0
2.49585284363 9.29879732478 0
5.91315579533 6.69424347037 1
17.039670849 9.71367190464 0
1.47207592317 3.00275218774 0
13.2269734614 5.07967303211 1
7.93145372265 4.42324516712 1
10.2585430487 18.1372960367 0
6.85702473609 13.1551778777 1
10.9846468301 19.5500627279 0
2.82194950188 17.5469344757 0
10.6385404761 2.77108158933 0
19.3948356615 13.1063810952 0
7.65477698114 11.3493569939 1
15.5330478856 12.0115447291 1
3.13327479473 12.9032938106 0
17.7549180345 0.414620941822 0
10.8820050785 8.99841027484 1
3.49405395954 10.8979370467 0
8.47363091152 2.63241696534 0
3.75809469135 13.4755400322 0
0.631459818841 13.9606025404 0
4.05725493243 15.9356964126 0
8.08349255794 7.02684009119 1
0.054209494643 5.67491923627 0
4.75304660288 9.8460915483 1
9.84782221204 0.566460038058 0
18.0566502051 18.5324204461 0
4.43079874901 11.0351343104 1
8.61609056937 7.93725241528 1
1.17902357908 0.843989424404 0
1.55598758567 4.19289128828 0
10.8116563433 10.6250763437 1
12.316691338 0.354827342072 0
1.38458923636 10.5416502728 0
15.7183581769 18.6050404592 0
6.14496946829 14.5615320477 1
4.47669395369 18.4940217625 0
4.09153718127 0.520730996574 0
9.57417703119 8.02585240363 1
10.5046258167 9.24894639925 1
13.5637240407 9.35401260796 1
19.483922822 16.3036692413 0
10.5125546124 10.1378513884 1
14.5445631139 1.39246305701 0
2.36308034441 13.1624445355 0
7.81080199488 17.4639507806 0
12.4909683855 12.082039233 1
9.866707746 19.5404636145 0
11.9266956504 1.12040610721 0
8.08693362147 11.4125919824 1
11.4744830921 14.7131073193 1
6.60859272193 4.15199622372 0
3.237427011 11.5476428513 0
6.9633166243 11.2979409977 1
6.17856777587 17.6555114548 0
1.44037743392 16.4967570608 0
4.98750614095 10.7040652345 1
1.09193876332 14.336084212 0
8.23768219537 11.0079194138 1
4.73906225045 15.7861574323 0
9.46886938306 11.2629899952 1
5.99552576035 4.23398914216 0
8.1376188159 6.12263032731 1
0.87006073004 3.59994105476 0
16.184761535 6.63244714948 0
13.3102428202 2.07868642758 0
9.05518465438 11.1438408487 1
9.56240184444 8.69176190276 1
6.37542200257 16.3046991672 0
1.33738831601 15.6198328692 0
14.4412159018 5.3773326787 0
14.4608408153 9.54492463846 1
8.74137232126 17.6565336612 0
1.45249536602 3.09907207314 0
2.01413608208 6.11064326165 0
9.99302873832 10.9862308791 1
18.9971479883 9.28598525274 0
12.7524049885 2.43139165596 0
3.69775939229 6.13855539502 0
7.20769537735 8.70873651035 1
11.296471319 13.7134479496 1
3.95222288828 5.54557114977 0
18.7681890701 8.08899497893 0
4.11527423782 13.7766700501 0
6.22416408438 18.6977235317 0
13.464255592 13.128058609 1
8.11957925404 7.13170553053 1
9.03245406726 13.3950447291 1
11.3549855457 2.35971857297 0
13.9761072801 13.0637888564 1
16.9676015185 12.9494626953 0
12.7437022793 14.5823764021 1
15.6027146323 1.92286030198 0
7.13699434234 4.32097658646 0
9.00010773404 10.2890932899 1
15.1489741639 7.95131940061 1
17.6327811569 7.79809649081 0
10.1165534429 7.36264573274 1
10.2220968021 7.6034996962 1
19.5161940953 14.9176269368 0
19.1285550574 15.6518076014 0
16.3640754548 16.9951170117 0
19.3808171768 7.10514821228 0
9.84193707179 4.74064978427 1
9.99371578621 2.70480703562 0
17.0937845356 4.51085527734 0
2.35973330822 3.98802588404 0
9.95650432445 9.43632411891 1
19.1128930556 17.9946416246 0
19.9493779581 8.65690821782 0
13.2550906233 9.32300493561 1
10.9834570945 4.11360431092 1
13.9154405578 14.3519385309 1
18.4310820805 16.3363794497 0
12.4103916399 4.05519491761 0
1.64670599892 12.6541370581 0
4.76299986816 2.69656016606 0
19.24754817 7.51292257078 0
9.66963019086 8.53712984542 1
19.1594145082 8.31296658754 0
11.5234865185 2.95044640062 0
0.383172679403 15.5564872927 0
13.7134908268 2.10999909396 0
5.47262648762 7.23309184699 1
7.02743924283 2.93267186425 0
11.41050004 5.82597088235 1
1.55916766441 4.71793809086 0
11.7549543198 18.6001664814 0
13.9937985123 3.89715570203 0
3.17928644101 8.41705117568 0
9.2918484776 8.17937224283 1
19.7010585345 5.81924320131 0
18.280418247 5.9140166545 0
14.4666325957 12.6759642926 1
14.028065689 9.80301728726 1
14.1138038515 16.9329869364 0
12.8441992152 2.15430756293 0
11.9599000314 16.5625822983 0
2.79604654153 11.4924014082 0
18.5026502616 13.6974603908 0
4.69876008149 6.82876005757 0
13.0100669192 11.4533195167 1
4.53051374164 12.5911894861 0
6.07527818666 19.8195239211 0
4.36154052822 5.95599013314 0
19.2702325748 8.3273998261 0
5.5185934136 10.2620513326 1
18.2288032946 9.47713308681 0
14.9078962682 15.9290428208 0
19.8501812289 18.6800680179 0
19.8030241664 12.2257030168 0
8.97895016312 19.698983852 0
16.2172500402 6.35191373385 0
19.6822849576 10.6046259699 0
18.3332972389 12.4302154216 0
16.2739205663 18.4140440218 0
4.87084172471 11.0346552978 1
6.82080154041 6.1420238247 1
1.74086949392 15.1872799404 0
1.4509031301 3.72934747223 0
8.71199115851 4.35268953442 1
10.798485933 7.02370846919 1
8.22351280271 17.4392524818 0
9.36932869709 6.19485915005 1
14.1274191837 19.9982810407 0
16.6160321079 9.98275388726 0
19.179769033 5.85087578373 0
14.0515672839 1.52101607541 0
5.88037553715 4.44890257906 0
7.19560941968 19.2487026136 0
2.20834583858 15.6917843346 0
14.0575410935 0.473801560028 0
1.72514225302 7.27356168982 0
6.19328274714 7.22248689059 1
12.6788153213 14.5490266263 1
12.421969508 17.6807081844 0
2.59989331219 18.2431136541 0
5.37059543989 13.8419997522 0
1.36673046314 5.11053180116 0
3.63796428891 3.60231350279 0
15.8781726871 3.10718465191 0
2.82749982408 14.6536023647 0
5.40868714423 7.76301699985 1
5.0012348678 18.2979553346 0
19.0807021924 7.50492401485 0
18.1924005571 8.28046441203 0
19.3433907318 1.36229300561 0
4.42333348571 12.1892219695 1
0.915094087096 0.599258639567 0
1.84954812475 14.4240631781 0
13.0182599779 4.66560061165 0
6.3895880566 10.7665535222 1
5.97411227376 9.5235569423 1
2.64714753379 9.21780846777 0
6.89649921645 6.65133194234 1
6.05615179541 8.82234523581 1
12.6008207621 18.0654183645 0
10.566841882 2.7815882678 0
11.7143104891 19.9227081586 0
14.9279580207 19.2824793283 0
13.6683442259 1.83272166141 0
19.6571222385 18.3586878412 0
14.6301404424 1.21850045628 0
0.397386915146 1.04669676924 0
4.35147034891 14.9493998191 0
3.15735183098 2.53235541656 0
7.29790982542 11.8262902469 1
13.2826236452 7.85184730539 1
5.36976125255 17.7474106989 0
4.35204031435 9.18673769507 1
19.7773385666 15.4382024424 0
8.05250380051 12.2926928191 1
6.38710495338 8.02628002107 1
0.225543514272 14.5805458509 0
1.69641026981 16.3337257486 0
0.644753414312 17.0504450856 0
14.0272973942 11.283086678 1
8.57771691405 6.53010398353 1
5.46803690623 7.48527004841 1
6.82822972159 5.10764728214 1
6.65713647746 14.5702233085 1
19.218278651 19.0727505551 0
16.4227645973 10.5130105175 0
18.8239282481 12.3302173606 0
18.598570652 1.92899805387 0
2.43884264096 4.34002201916 0
8.03638860111 16.5949087049 0
14.2760959875 18.3050886459 0
4.58656999452 13.4309078973 0
12.3100178994 13.2563889367 1
14.6821416579 6.64282642 1
6.87007049755 6.95050246701 1
1.76484194354 10.8071111974 0
16.0760126571 4.13099162094 0
4.88274259754 5.68900057644 0
15.3619512543 6.50461810038 0
18.2241987456 18.1305046121 0
8.99512978472 17.0907492431 0
5.49734315459 2.642518447 0
2.93808524333 5.8184876454 0
0.534957959805 7.13494838444 0
10.4444055717 8.18366253193 1
2.63303637705 1.79757947087 0
13.7234469734 1.57261767462 0
7.31546802164 8.03852823733 1
12.1834995527 1.04819157893 0
7.83331675051 1.4709962632 0
8.14116508065 16.8527010207 0
2.86035845958 4.8159700937 0
15.8539333319 16.5810727778 0
7.20668700904 6.10924319268 1
3.87136239863 5.55971288731 0
17.5066894207 16.6042119016 0
4.47477157824 12.8194727617 0
6.15821346224 4.33504511321 0
5.56633174091 11.7128897852 1
13.117447891 11.8566589558 1
11.6531229518 9.32022900318 1
10.488055829 18.7553113891 0
19.6670596051 10.6742898344 0
3.44299951649 5.66848798999 0
15.4534450301 5.81092797071 0
17.2775930783 0.919297196205 0
11.8181173257 0.581398630412 0
11.4886809846 19.1872335983 0
8.78200404837 16.0934345497 0
6.1297830885 10.0746327408 1
13.9406259795 16.2844393157 0
3.10526606065 15.1011738236 0
18.3129838094 12.6911015189 0
18.157431493 18.4331480838 0
8.85192779973 14.1788610832 1
14.052494235 2.02740754637 0
17.066691709 14.6423878446 0
9.54960358171 6.31227066869 1
9.17938131291 10.6560499029 1
12.3249049761 8.76510382592 1
18.6114375128 10.4554629321 0
10.2906388162 14.3049865283 1
12.5488549547 4.22298322372 0
4.18590543906 5.55136401571 0
0.328035501449 14.5762470071 0
13.7227148228 7.27350410013 1
5.32427103213 15.5345142587 0
4.37437218045 10.6613666287 1
11.0786029194 16.9347052751 0
2.10396207453 7.96762965666 0
16.3417332307 13.061122719 0
13.4765858861 14.0284460374 1
6.62563403983 9.20217338842 1
0.867238962434 14.5414985958 0
2.78721571721 6.30679403969 0
11.9493490163 7.83471311997 1
1.15232499404 19.9313802378 0
19.4084944664 14.8728795474 0
18.0772857614 14.171381323 0
4.73621853464 2.10890418544 0
4.92927869785 14.5593007939 0
14.4107826436 5.11960848565 0
11.2487071033 0.873294686094 0
6.58731371147 10.3995526554 1
12.697698087 2.35460952898 0
12.2134417786 0.046953469318 0
18.0961545688 5.46905880174 0
12.6266591494 15.6942772516 0
17.4462148127 13.2483513407 0
6.12433869975 8.51163730373 1
13.0586506804 19.0893150078 0
13.7472638089 2.04972357528 0
5.00230845712 9.78721795596 1
12.2294657293 15.7757035836 0
9.22919308167 17.5153123455 0
11.0510700767 2.63742307617 0
10.6379571436 0.453455669178 0
13.7736955555 3.30726007983 0
13.0142869998 2.95279494166 0
10.6731111341 16.2298970652 0
2.01799737482 6.18324239878 0
8.54866044999 8.99287700441 1
17.7009657442 4.89365778402 0
14.770207061 6.53544009384 1
4.19557599087 1.09709675534 0
4.10050856805 12.1188475145 0
9.42350929389 7.51976960963 1
11.6586664427 11.0066825196 1
18.1895428712 19.2636796228 0
7.93021862604 0.991090069593 0
12.2880233695 0.494551199145 0
16.7230855584 16.7422732645 0
12.3987301312 7.62268211912 1
6.23127472838 1.41098994693 0
18.5826434185 19.2378254195 0
15.6443237711 9.98169311204 1
14.173899206 9.88888862388 1
18.8010647993 16.7653834889 0
13.1715260998 18.0575964591 0
1.32319917798 0.729863297002 0
8.05850725737 6.57378949899 1
7.42331612932 12.0038175298 1
0.86685669771 10.3328159097 0
14.4963935273 12.7339800778 1
1.23399538614 13.1593416835 0
1.90133808653 14.7323054459 0
19.2054880028 12.6321900832 0
9.02672353891 15.2878379877 1
8.08929757427 7.34678800543 1
18.4984103845 12.0260855581 0
7.12247367337 4.0623808635 0
10.6375489472 16.0670738428 0
13.4667718006 19.8206049255 0
13.5677503471 12.7487055845 1
18.8880277642 4.55874519665 0
10.6807612555 8.9558103435 1
13.632316063 12.1920509123 1
13.1621866475 16.1226261672 0
19.1201774358 8.5001103332 0
0.881328470401 9.38119701254 0
17.1970008662 2.00389490598 0
4.32936541921 13.3051832335 0
18.3369765742 15.5581049396 0
11.1074103946 12.5448693018 1
1.82393174895 12.8076234214 0
1.6339912935 13.223090438 0
10.3451133884 6.09422353232 1
16.082600353 1.80007262062 0
19.2593083225 5.2898996727 0
3.07555504469 11.4138007585 0
17.8202458139 3.51591984373 0
