12.7885359692 0.500215104453 0
5.50058636738 4.46421476298 0
14.7294242833 13.5339897485 1
17.8435913541 1.73877665259 0
8.43843639371 0.595944388761 0
4.37275949607 10.1071057621 1
0.530719393677 3.97675301373 0
12.9976887556 10.8988296121 1
4.40881244081 11.7853136775 1
16.1886091336 0.129975193561 0
16.1163850367 13.9627878998 0
6.80501033036 3.10958999624 0
19.1442614441 6.73189090225 0
1.8549168676 1.93432753667 0
16.9498873269 12.0745206273 0
16.1425654655 14.5946357339 0
10.7245618291 19.4623152796 0
7.57068754417 11.0408126255 1
16.5880932851 12.3703950473 0
17.2341380062 11.5470429051 0
14.0914367243 0.916487673113 0
4.55796551303 5.78775927204 0
1.59583953847 4.65581772722 0
2.02002858819 5.5594720622 0
12.7136888853 7.2966435794 1
7.40361934234 4.19014061543 0
5.33955644098 18.7330917542 0
12.9607077049 12.1826201133 1
3.42277296396 14.582535959 0
3.26804987524 7.58910883515 0
19.7904670127 12.7999951971 0
11.1389948755 13.6922850198 1
16.8570384038 15.5199982309 0
4.58096143928 0.642004878081 0
6.30906096118 5.35481751951 1
4.21965687173 18.8581942867 0
17.5273525295 6.29355761597 0
13.1087733059 7.91263802121 1
18.2909517948 9.17703705175 0
5.29760332996 4.93255015388 0
11.2273626833 5.25483217046 1
11.6917198045 17.956457672 0
7.98801010281 4.38641518315 1
19.9507521299 10.1905258735 0
1.81818824348 0.942327508495 0
2.19298260701 12.5489208341 0
15.8415872873 8.44319933599 0
1.27055412304 7.63238573013 0
19.9224276048 10.582286902 0
19.4215675523 17.2155940447 0
0.229620438856 14.4144363872 0
13.6342073805 10.7394066082 1
5.33650379905 12.8192359716 1
2.23104347192 8.69530501338 0
9.07447412658 19.0763185504 0
17.5170588076 5.26778101502 0
10.011722261 3.5730376106 0
18.2525567869 17.4103713967 0
5.96889582897 12.7789898973 1
12.1794042288 3.05678537099 0
15.2502160015 10.7875806024 1
15.5725295726 10.6070734439 1
0.0114379225589 6.48312114009 0
0.389534847717 18.5819723253 0
17.5744375565 16.6333105872 0
6.15028250805 1.15850332988 0
17.5601919841 18.938988906 0
1.71306904136 9.71980926633 0
1.38425036937 15.2120433051 0
15.3166885861 2.56782929 0
9.50564756197 10.9960718699 1
5.3011325788 17.4486608217 0
8.46275880402 4.23596410884 1
10.7859217756 14.5986213818 1
4.02302126779 6.23432582602 0
19.9029871332 12.9975611528 0
8.76200167829 10.3515168207 1
2.42008391737 4.49394674063 0
6.76171124295 11.7661743691 1
4.60229465193 4.40434768903 0
1.41986172018 12.6220591454 0
4.57883567622 18.1084002601 0
17.1927080051 1.41714699777 0
4.76009268738 13.3795555659 0
4.28473614741 2.6462369745 0
18.7102848116 11.4208618665 0
9.45342052624 15.6923884858 1
16.1499399553 3.80819828724 0
1.93861628458 8.62102364813 0
8.4715724604 9.34049336073 1
14.5815169892 13.4672909459 1
19.6833042273 1.96835742304 0
8.05242564205 6.7860521079 1
17.2334507271 4.97312667841 0
3.80417816882 8.97227095666 0
8.43763279669 5.57090289334 1
4.99612895764 18.4653119855 0
8.86261490107 17.2269820952 0
11.006506249 1.0117665905 0
19.9856493683 16.7205517016 0
19.3799251457 18.5273396602 0
16.9739146883 3.32622221208 0
9.71282250901 4.27494598398 1
8.02080585099 1.17270799944 0
7.57946237954 19.7061768756 0
5.30406116344 15.681412039 0
9.10016734678 8.4601497198 1
19.1463528172 19.9084537899 0
11.1153664681 14.3681655059 1
3.09593650548 5.93415650989 0
19.3741872994 11.5836058163 0
10.8439040275 14.9595112076 1
1.14330545815 11.6835518892 0
10.0570076584 17.054397841 0
3.14865455879 19.2155780655 0
1.60222930481 3.71649921961 0
11.900702129 13.5042510721 1
4.70407790002 2.39773227894 0
17.8057462826 4.92430695577 0
11.8903830707 12.3876302066 1
8.38449830672 11.6734457858 1
10.4556543106 18.6941251547 0
4.08518398847 14.3238360158 0
4.77371905232 7.91571693583 1
13.4338044592 5.99994159598 1
6.32354392544 15.0372898483 0
1.45086228986 9.16571045237 0
19.9690888171 19.9219289571 0
1.46521442199 4.26308624534 0
5.30400829501 18.6651875599 0
17.6172834737 17.5854048497 0
7.39054177478 3.15493664714 0
16.6748990928 14.0707985017 0
12.2335553145 19.7446612726 0
13.0795263542 0.156462143043 0
16.3420827023 5.987575044 0
13.2677742993 18.7786000785 0
2.68582228787 2.30857340838 0
2.14071955419 11.0644728177 0
5.4469642463 12.0965965406 1
14.3522437428 4.07194624655 0
12.6847591777 5.27967803261 1
9.77063704299 18.1067298216 0
16.9220742659 1.84596935425 0
8.47151545127 5.53360447945 1
0.0709137817556 15.4223844604 0
12.742267546 5.23910524869 1
14.824618167 11.0336084225 1
8.55373837961 0.193393992167 0
1.50487720148 17.662127866 0
18.0785714312 10.9118057841 0
16.6919003977 11.6501913298 0
2.96187571135 2.54891038564 0
6.1651669986 17.9796297749 0
15.9224460978 17.21405164 0
17.9784927305 4.2015307668 0
4.99059478446 2.05587243344 0
15.6023248374 17.682694029 0
8.12754779664 12.413230203 1
3.09106676664 18.5976203139 0
17.2921139244 19.5241206586 0
16.2154343988 17.6283240933 0
0.495727237964 14.7312894351 0
6.64370935893 18.616317721 0
16.0447027787 17.2812805675 0
16.2149863315 5.33611419189 0
15.7474901827 2.16191252806 0
17.4433356581 17.1718650268 0
4.44867435091 16.3317321119 0
9.20606469358 6.10381734677 1
15.9069099831 4.55190974816 0
0.473288694029 3.86259576655 0
6.56523902395 17.2870588406 0
19.337782081 5.58249985444 0
12.8296347722 7.9935676872 1
19.622993744 10.7243146496 0
18.7847428065 2.30683503703 0
19.4080122204 3.57135632345 0
19.2506863152 5.30932725046 0
2.16805094429 8.69127517129 0
14.5709012131 6.2735462839 1
12.1241770661 10.2284611934 1
7.70390866689 11.5317608699 1
5.09445012277 14.1757056767 0
0.0338255643726 18.51150331 0
10.7690399419 14.3885999829 1
14.8390015568 13.4125700887 1
7.28442943563 1.39947622253 0
13.2847536982 6.60400072085 1
6.27831290117 16.9603055901 0
14.3950852603 6.00644536423 1
6.18569324417 8.16785817238 1
8.04800774115 5.91310405052 1
2.54575598118 8.40892667546 0
18.8072734146 13.5463589055 0
18.0561109147 12.310298319 0
6.01899749131 10.9587442627 1
0.00811879394575 5.73827433738 0
8.5977629998 11.5996956239 1
13.0941124741 9.29976380494 1
8.8431959861 4.27402801978 1
9.46372371819 18.0236165166 0
15.9204952025 3.39382792396 0
1.6959107345 10.3090401983 0
12.6588171153 6.7037651082 1
16.3684692907 15.0227627508 0
13.4559134111 4.49281331995 0
3.98259865453 0.488507754537 0
4.89685088157 9.50272688438 1
16.9947538925 1.45656458369 0
8.28882021995 12.5953076148 1
3.88870473479 13.9270850098 0
9.88754338021 4.87968879157 1
13.1211602222 0.110896362761 0
15.0192895324 15.4009237715 0
2.13174593127 8.50292387885 0
3.51773363413 19.1593208456 0
10.3591550089 1.00436770281 0
4.9839655932 16.966726947 0
9.1292365094 16.0283320344 0
13.3515546517 19.7578490613 0
11.9090463694 19.0007921689 0
17.8285185162 12.2530464552 0
14.3854792255 10.0955632965 1
16.6113833944 10.9574390122 0
17.9441620647 14.8731088432 0
9.49348873646 5.1838309693 1
4.94479475019 12.7532287355 1
15.3162736859 10.4259962566 1
12.5349687396 5.49194893835 1
1.54966707729 5.71456301726 0
5.43430214164 6.39419136838 1
10.8030444504 2.76748123032 0
4.62522959456 13.878996246 0
14.1283828339 1.28457701428 0
8.15198739333 10.8522228101 1
8.31548468206 4.13668779029 0
8.40287035547 18.0967695668 0
11.6815882841 13.91045973 1
17.1346406461 15.3118915224 0
7.60762057855 0.11792167168 0
7.03517605344 15.0695025012 1
17.0689590114 19.0686067694 0
8.3804256526 14.9503133796 1
10.9226461947 12.0650517788 1
4.41077388648 4.38843269243 0
8.71671952093 0.580496398934 0
6.72259087397 13.5828377006 1
8.08633338275 3.30089462407 0
9.34780298465 2.55255594562 0
12.4451392195 0.539329038103 0
7.88040512679 11.2878396605 1
0.542040926806 12.8549929602 0
2.71398974461 9.23396888103 0
1.00569266977 7.58207728376 0
4.23320568423 6.53691609763 0
15.2245941579 7.58252431128 1
15.0401964711 16.6384857031 0
5.04543063565 1.63812465523 0
0.387665741 10.7883809585 0
19.9981565702 6.9992068744 0
13.002881865 15.6246609922 0
13.0350931049 15.0846640812 1
18.9922346543 3.98721364725 0
0.407600346407 3.0476469157 0
2.52441949748 13.3891768924 0
11.2793916386 4.35929081813 1
13.9892994249 15.3379619671 0
3.35578286736 12.1449498778 0
14.9585130391 2.29065742758 0
16.3860234862 19.2944154607 0
2.16197499315 0.513568509949 0
6.23914488789 13.546945737 1
19.1634567641 7.93308883033 0
14.300294101 1.51992955686 0
13.8122883187 12.544847912 1
2.03802610892 15.449617699 0
17.0058647818 12.0082322963 0
2.42110130135 19.6768870303 0
15.6527069272 6.94407530617 0
8.56756026469 7.41141752436 1
10.1192157935 6.82462349723 1
16.99151254 16.4466183618 0
2.11077741288 19.2157513443 0
12.711702122 16.57414622 0
14.1461728741 8.70974290015 1
14.6759060803 19.3094746248 0
5.40164792775 16.1639843761 0
10.763458129 9.66995007766 1
8.71148986008 14.6205242861 1
5.36791076098 17.0342632004 0
16.6146203778 1.73325796111 0
17.6326236801 4.87726878382 0
9.29416933206 12.2066340846 1
7.57978608257 0.573999955402 0
17.0190567262 3.63679714315 0
4.24239700359 15.9566471366 0
6.80677686329 17.6063995952 0
14.0236750066 5.52537151512 0
0.203022288774 18.9612515555 0
1.71225923916 14.4014932821 0
9.77155693698 15.1632930696 1
13.8121867889 12.9180579948 1
9.81642670157 15.8586573626 1
1.86106701109 4.43192800945 0
13.8357431059 6.1241206026 1
11.6311117066 9.46520977519 1
10.6184386229 8.5100762541 1
14.9187087343 6.61582594392 1
14.0570988437 5.41832853952 0
5.02807352402 2.41311769505 0
3.85168586903 2.3910948251 0
10.7172793077 15.2437921897 1
3.70299684875 4.32769279757 0
9.68397174425 14.4917000219 1
19.5321404577 10.4927373822 0
5.6599740655 2.01052216182 0
3.88235156182 4.54966326965 0
3.58883087371 0.282967345121 0
10.6827017854 5.48622653567 1
19.4858986221 11.067179336 0
13.9483478582 2.52558985917 0
17.3692239453 9.81757389048 0
17.4543947 11.4812843925 0
9.38793889861 8.80937596272 1
3.6872734078 1.02753434367 0
18.8212719354 9.55458374531 0
16.442312906 8.01414884504 0
1.48164340511 12.588914139 0
1.07218148585 2.98395168947 0
11.2567919417 6.07671023684 1
19.8783624542 2.36903124423 0
15.2888689065 12.1263530249 1
15.8148165969 4.5137427413 0
10.4514507026 9.01028929778 1
8.85442008039 17.2033333165 0
19.8006252093 6.10760488639 0
12.4205464214 12.1926182449 1
14.8017861097 18.9518040065 0
4.15575811647 4.22050390611 0
13.2085627438 3.14114186762 0
3.47627096653 1.50129737802 0
0.0535144520577 9.01007409235 0
11.8762239024 5.82518578062 1
4.62952469112 14.1391165976 0
14.0597511619 9.08062652814 1
13.7476984014 18.4782208897 0
15.7565605329 12.5011601433 0
13.2236608571 18.6733691689 0
8.50277932208 10.8912475742 1
12.952694468 18.1682289043 0
16.532623193 1.42819673712 0
3.31845578441 6.15223625228 0
14.9791544414 11.3841409864 1
5.77221176612 2.48707316349 0
13.7735598242 13.9946736995 1
18.8535248149 10.0094435424 0
9.8759043869 1.60883703799 0
0.797215683672 8.64057328322 0
6.44643166717 5.00735804824 0
1.82653773262 19.2382220439 0
16.7191722781 11.5039821844 0
19.0157255561 19.9914483375 0
13.4456316861 5.39022051934 1
0.804633462892 15.1253766083 0
9.41001646503 13.0301897887 1
18.3214557585 3.62978294446 0
11.7065925056 12.6956943891 1
9.83451604382 1.82484812588 0
6.95922112589 6.6661678733 1
13.4026701904 17.154661888 0
6.59607327158 13.8734734797 1
5.76435590723 18.9038707913 0
16.2713206948 11.0019321794 0
9.09651817203 6.2903431434 1
6.46547572552 19.4036945362 0
8.08350114001 10.2919250466 1
19.7623842956 13.1532077297 0
10.8518718871 8.26495141599 1
3.75165082789 7.23558718303 0
15.1288630811 12.5081748429 1
15.1998107212 4.07116476701 0
10.9843927817 18.5534552169 0
8.76232190145 13.9650005824 1
2.42852166725 19.4629363164 0
12.1774333416 4.78594924655 1
3.1675632761 11.0167801401 0
11.0450281811 1.86418402563 0
19.8451427879 18.2585975697 0
9.22895788358 2.34932298179 0
16.6428634754 9.96751009414 0
14.3320665198 10.1774403014 1
5.46849793427 16.6944789115 0
19.6048926521 4.8746181215 0
11.0253015376 7.67172026494 1
18.4373629986 10.1648178319 0
17.5865251029 17.2805386886 0
5.52494805644 15.8001236401 0
8.29884847103 18.6849678737 0
10.1547535162 16.4109894637 0
5.65677966566 5.97111699544 1
11.7387544483 19.9780466646 0
9.79280693311 2.97190836766 0
10.7716115541 6.90247883386 1
11.0383483414 10.8686012592 1
9.10689233733 6.43554700458 1
3.77304747414 13.9499685524 0
11.4359528397 4.67124892116 1
15.510889502 0.872945981946 0
14.8941030313 14.1045576205 0
16.2281780513 7.72157504982 0
13.2737765897 16.4149510342 0
19.6163627732 9.90657299233 0
0.740392226912 10.0458230027 0
11.8036085862 17.3940062672 0
17.4838074811 8.80612419541 0
10.5190217362 9.13856148948 1
14.4488765514 8.19957239493 1
13.0956265286 3.08722437543 0
9.38981201969 19.3840726115 0
6.77122468103 13.8540919717 1
12.9967330516 17.035305847 0
17.0468267313 17.1868436834 0
7.60018795045 6.33322307867 1
14.3743485045 15.1880361867 0
17.447660348 0.717981996754 0
1.36841494363 12.6232203371 0
18.4185819756 19.9485184591 0
14.9353273348 8.67942943846 1
1.96886252766 12.6749565756 0
17.4515846521 8.87357103323 0
13.8800232559 18.068481241 0
0.919819373544 15.9228693032 0
5.8673555193 7.49682179551 1
2.91139591399 10.623326363 0
11.3185612383 15.8503894776 1
3.39967298136 1.5793670132 0
17.4167919729 12.3942073707 0
4.81659583713 18.2565803205 0
2.86235440257 9.2229982671 0
5.07954678827 5.10653416318 0
0.187948629097 16.0926615395 0
18.024188472 13.552217714 0
3.15951244144 8.83459567208 0
6.91131248886 11.7514341025 1
12.7787740472 8.48617876922 1
5.00196448815 16.9060785029 0
3.98433998218 7.69386497935 0
9.66416122118 4.74411403855 1
11.438453847 11.4962386036 1
19.8538408725 5.90461507767 0
19.5588896915 13.1645963186 0
5.48960760356 11.3185803391 1
13.7159898547 14.8933768233 0
0.98088501552 12.1281298615 0
9.93454573048 18.0831058179 0
5.72388302918 15.9772023902 0
12.1412999633 7.04641911671 1
12.7323575601 12.4178232626 1
13.5552891725 14.4185675334 1
13.1836308063 16.7667423393 0
12.5649620737 18.0680740815 0
12.9268121778 6.17865767905 1
8.81646380326 11.5914761074 1
14.6471953588 1.80266751492 0
5.90220903258 14.9496172988 0
3.51280140889 2.64319595494 0
10.7881551797 19.4297916242 0
10.6170474741 18.2697394896 0
16.6094523913 5.13940169127 0
16.4937962508 9.63695659747 0
16.1297698759 14.9311870143 0
6.77430507604 2.303394149 0
19.2578658574 2.81514030012 0
19.3300041893 17.202811938 0
14.4843342415 19.5988448556 0
19.345394946 16.0917528804 0
7.31550098811 15.8136393718 0
0.278373102018 10.7314461654 0
9.09572055468 13.4565676375 1
13.446815947 11.691201833 1
16.4483460245 18.8058378356 0
2.16692204398 4.67643804423 0
0.50049299293 17.6846969043 0
11.228147645 18.3051181749 0
4.42734400148 1.2643408232 0
16.4771070278 18.1877527686 0
6.04380349059 8.16591711591 1
2.79554025014 18.9252306576 0
6.08729168712 9.85249237956 1
1.94383997244 17.7451861706 0
2.71328097413 9.07287513778 0
13.409724377 14.8628024305 1
18.9194817156 8.38253506829 0
14.8453802953 3.0904580482 0
8.29769054874 1.98043269421 0
9.78694075579 8.16231771395 1
19.0304305076 0.654325737101 0
7.41059917469 8.86766172121 1
19.011103397 17.1090038661 0
