
Prediction for datasets size 500

|true_negative|false_positive|true_positive|false_negative| accuracy |precision |recall |f-score |
|-------------|--------------|-------------|--------------|----------|----------|-------|--------|
|train2    |374.0|0.0 |123.0|3.0  |0.994|1.0  |0.9761|0.9879|
|train3    |374.0|0.0 |122.0|4.0  |0.992|1.0  |0.9682|0.9838|
|train4    |374.0|0.0 |123.0|3.0  |0.994|1.0  |0.9761|0.9879|
|train5    |374.0|0.0 |122.0|4.0  |0.992|1.0  |0.9682|0.9838|
|train6    |374.0|0.0 |123.0|3.0  |0.994|1.0  |0.9761|0.9879|
|train7    |374.0|0.0 |122.0|4.0  |0.992|1.0  |0.9682|0.9838|
|train8    |374.0|0.0 |122.0|4.0  |0.992|1.0  |0.9682|0.9838|
|train9    |374.0|0.0 |122.0|4.0  |0.992|1.0  |0.9682|0.9838|
|test9     |353.0|0.0 |141.0|6.0  |0.988|1.0  |0.9591|0.9791|
|train10   |374.0|0.0 |123.0|3.0  |0.994|1.0  |0.9761|0.9879|
|test10    |353.0|0.0 |141.0|6.0  |0.988|1.0  |0.9591|0.9791|
|train2,2  |373.0|1.0 |124.0|2.0  |0.994|0.992|0.9841|0.9880|
|test2,2   |353.0|0.0 |141.0|6.0  |0.988|1.0  |0.9591|0.9791|
|train5,5  |373.0|1.0 |125.0|1.0  |0.996|0.992|0.9920|0.9920|
|test5,5   |353.0|0.0 |141.0|6.0  |0.988|1.0  |0.9591|0.9791|
|train10,10|746.0|2.0 |252.0|0.0  |0.998|0.992|1.0   |0.9960|
|test10,10 |704.0|2.0 |284.0|10.0 |0.988|0.993|0.9659|0.9793|
-----------------------------------------------

Prediction for datasets size 1000

|true_negative|false_positive|true_positive|false_negative| accuracy |precision |recall |f-score |
|-------------|--------------|-------------|--------------|----------|----------|-------|--------|
|train2|681.0|1.0 |318.0|0.0      |0.999|0.9968|1.0  |0.998|
|test2|703.0|4.0 |292.0| 1.0      |0.995|0.9864|0.996|0.991|
|train3|681.0|1.0 |318.0|0.0      |0.999|0.9968|1.0  |0.998|
|test3|703.0|4.0 |292.0| 1.0      |0.995|0.9864|0.996|0.991|
|train4|681.0|1.0 |318.0|0.0      |0.999|0.9968|1.0  |0.998|
|test4|703.0|4.0 |292.0| 1.0      |0.995|0.9864|0.996|0.991|
|train5|681.0|1.0 |318.0|0.0      |0.999|0.9968|1.0  |0.998|
|test5|704.0|3.0 |292.0| 1.0      |0.996|0.9898|0.996|0.993|
|train6|681.0|1.0 |318.0|0.0      |0.999|0.9968|1.0  |0.998|
|test6|704.0|3.0 |292.0| 1.0      |0.996|0.9898|0.996|0.993|
|train7|681.0|1.0 |318.0|0.0      |0.999|0.9968|1.0  |0.998|
|test7|704.0|3.0 |292.0| 1.0      |0.996|0.9898|0.996|0.993|
|train8|681.0|1.0 |318.0|0.0      |0.999|0.9968|1.0  |0.998|
|test8|703.0|4.0 |292.0| 1.0      |0.995|0.9864|0.996|0.991|
|train9|681.0|1.0 |318.0|0.0      |0.999|0.9968|1.0  |0.998|
|test9|704.0|3.0 |292.0| 1.0      |0.996|0.9898|0.996|0.993|
|train10|681.0|1.0 |318.0|0.0     |0.999|0.9968|1.0  |0.998|
|test10|704.0|3.0 |292.0| 1.0     |0.996|0.9898|0.996|0.993|
|train2,2|681.0|1.0 |318.0|0.0    |0.999|0.9968|1.0  |0.998|
|test2,2|703.0|4.0 |292.0| 1.0    |0.995|0.9864|0.996|0.991|
|train5,5|681.0|1.0 |318.0|0.0    |0.999|0.9968|1.0  |0.998|
|test5,5|703.0|4.0 |292.0| 1.0    |0.995|0.9864|0.996|0.991|
|train10,10|1362.0|2.0 |636.0|0.0 |0.999|0.9968|1.0  |0.998|
|test10,10|1408.0|6.0 |586.0| 0.0 |0.997|0.9898|1.0  |0.994|
-----------------------------------------------

Prediction for datasets size 2000

|true_negative|false_positive|true_positive|false_negative| accuracy |precision |recall |f-score |
|-------------|--------------|-------------|--------------|----------|----------|-------|--------|
|train2|1438.0|3.0 |553.0|6.0        |0.9955|0.994|0.9892|0.9919|
|test2|1426.0|3.0 |563.0| 8.0        |0.9945|0.994|0.9859|0.9903|
|train3|1438.0|3.0 |553.0|6.0        |0.9955|0.994|0.9892|0.9919|
|test3|1426.0|3.0 |563.0| 8.0        |0.9945|0.994|0.9859|0.9903|
|train4|1438.0|3.0 |553.0|6.0        |0.9955|0.994|0.9892|0.9919|
|test4|1426.0|3.0 |564.0| 7.0        |0.995 |0.994|0.9877|0.9912|
|train5|1438.0|3.0 |553.0|6.0        |0.9955|0.994|0.9892|0.9919|
|test5|1426.0|3.0 |560.0| 11.0       |0.993 |0.994|0.9807|0.9876|
|train6|1438.0|3.0 |553.0|6.0        |0.9955|0.994|0.9892|0.9919|
|test6|1426.0|3.0 |564.0| 7.0        |0.995 |0.994|0.9877|0.9912|
|train7|1438.0|3.0 |553.0|6.0        |0.9955|0.994|0.9892|0.9919|
|test7|1426.0|3.0 |563.0| 8.0        |0.9945|0.994|0.9859|0.9903|
|train8|1438.0|3.0 |553.0|6.0        |0.9955|0.994|0.9892|0.9919|
|test8|1426.0|3.0 |564.0| 7.0        |0.995 |0.994|0.9877|0.9912|
|train9|1438.0 | 3.0 | 553.0| 6.0    |0.995|0.9946|0.9892|0.9919|
|test9|1426.0 | 3.0 | 564.0| 7.0     |0.995|0.9947|0.9877|0.9912|
|train10|1438.0 | 3.0 | 553.0| 6.0   |0.995|0.9946|0.9892|0.9919|
|test10|1426.0 | 3.0 | 561.0| 10.0   |0.993|0.9946|0.9824|0.9885|
|train2,2|1438.0 | 3.0 | 553.0| 6.0  |0.995|0.9946|0.9892|0.9919|
|test2,2|1426.0 | 3.0 | 564.0| 7.0   |0.995|0.9947|0.9877|0.9912|
|train5,5|1438.0 | 3.0 | 554.0| 5.0  |0.996|0.9946|0.9910|0.9928|
|test5,5|1426.0 | 3.0 | 565.0| 6.0   |0.995|0.9947|0.9894|0.9920|
|train10,10|2876.0| 6.0 |1112.0| 6.0 |0.997|0.9946|0.9946|0.9946|
|test10,10|2854.0 | 4.0 |1128.0| 14.0|0.995|0.9964|0.9877|0.9920|
